# unix_time, cycles_done, cur_path, paths_total, pending_total, pending_favs, map_size, unique_crashes, unique_hangs, max_depth, execs_per_sec
1638688872, 0, 0, 1, 1, 1, 0.70%, 0, 0, 1, 275.86
1638688877, 0, 0, 87, 87, 1, 1.28%, 0, 0, 2, 500.03
1638688882, 0, 0, 104, 104, 1, 1.34%, 0, 0, 2, 563.75
1638688887, 0, 0, 115, 115, 1, 1.39%, 0, 0, 2, 573.90
1638688892, 0, 0, 121, 121, 1, 1.41%, 0, 0, 2, 575.25
1638688897, 0, 0, 129, 129, 1, 1.46%, 0, 0, 2, 575.68
1638688903, 0, 0, 136, 136, 1, 1.57%, 0, 0, 2, 574.12
1638688908, 0, 0, 139, 139, 1, 1.57%, 0, 0, 2, 569.85
1638688913, 0, 0, 141, 141, 1, 1.60%, 0, 0, 2, 571.41
1638688918, 0, 0, 144, 144, 1, 1.61%, 0, 0, 2, 576.39
1638688923, 0, 0, 145, 145, 1, 1.61%, 0, 0, 2, 569.61
1638688928, 0, 0, 150, 150, 1, 1.62%, 0, 0, 2, 599.77
1638688933, 0, 20, 156, 155, 68, 1.64%, 0, 0, 3, 615.89
1638688938, 0, 20, 161, 160, 68, 1.64%, 0, 0, 3, 632.33
1638688943, 0, 20, 162, 161, 68, 1.64%, 0, 0, 3, 633.85
1638688964, 0, 20, 164, 163, 68, 1.64%, 0, 0, 3, 629.60
1638688969, 0, 20, 166, 165, 68, 1.66%, 0, 0, 3, 639.18
1638688979, 0, 20, 167, 166, 68, 1.66%, 0, 0, 3, 637.55
1638688984, 0, 124, 177, 175, 70, 1.68%, 0, 0, 3, 614.58
1638688990, 0, 124, 200, 198, 70, 1.72%, 0, 0, 3, 627.89
1638688995, 0, 124, 203, 201, 70, 1.72%, 0, 0, 3, 628.22
1638689000, 0, 124, 204, 202, 70, 1.72%, 0, 0, 3, 631.27
1638689010, 0, 124, 205, 203, 70, 1.74%, 0, 0, 3, 637.97
1638689015, 0, 124, 207, 205, 70, 1.74%, 0, 0, 3, 635.64
1638689025, 0, 128, 211, 208, 85, 1.78%, 0, 0, 3, 621.81
1638689030, 0, 130, 219, 215, 86, 1.81%, 0, 0, 3, 634.79
1638689035, 0, 147, 233, 227, 90, 1.82%, 0, 0, 3, 637.73
1638689040, 0, 147, 245, 239, 90, 1.89%, 0, 0, 3, 636.96
1638689046, 0, 147, 253, 247, 90, 1.89%, 0, 0, 3, 619.45
1638689051, 0, 147, 254, 248, 90, 1.89%, 0, 0, 3, 636.16
1638689056, 0, 147, 255, 249, 90, 1.89%, 0, 0, 3, 632.71
1638689061, 0, 147, 256, 250, 90, 1.89%, 0, 0, 3, 642.20
1638689066, 0, 147, 258, 252, 90, 1.89%, 0, 0, 3, 638.64
1638689071, 0, 147, 259, 253, 90, 1.89%, 0, 0, 3, 641.68
1638689076, 0, 147, 262, 256, 90, 1.89%, 0, 0, 3, 644.97
1638689092, 0, 147, 263, 257, 90, 1.89%, 0, 0, 3, 644.52
1638689097, 0, 149, 265, 258, 103, 1.90%, 0, 0, 3, 642.86
1638689102, 0, 164, 271, 263, 103, 1.94%, 0, 0, 4, 620.71
1638689107, 0, 164, 273, 265, 103, 1.95%, 0, 0, 4, 638.96
1638689112, 0, 164, 274, 266, 103, 1.95%, 0, 0, 4, 637.50
1638689128, 0, 174, 280, 271, 106, 1.96%, 0, 0, 4, 642.91
1638689133, 0, 174, 283, 274, 106, 1.96%, 0, 0, 4, 620.11
1638689138, 0, 174, 285, 276, 106, 1.97%, 0, 0, 4, 613.85
1638689143, 0, 174, 287, 278, 106, 1.97%, 0, 0, 4, 606.82
1638689148, 0, 174, 288, 279, 106, 1.97%, 0, 0, 4, 604.39
1638689158, 0, 174, 289, 280, 106, 1.97%, 0, 0, 4, 567.89
1638689173, 0, 175, 297, 287, 110, 2.00%, 0, 0, 4, 559.64
1638689179, 0, 203, 313, 302, 114, 2.01%, 0, 0, 4, 530.76
1638689204, 0, 203, 314, 303, 114, 2.01%, 0, 0, 4, 561.75
1638689209, 0, 203, 315, 304, 114, 2.01%, 0, 0, 4, 564.94
1638689224, 0, 210, 321, 309, 118, 2.02%, 0, 0, 4, 580.58
1638689230, 0, 210, 322, 310, 118, 2.02%, 0, 0, 4, 589.36
1638689240, 0, 210, 323, 311, 118, 2.03%, 0, 0, 4, 619.46
1638689245, 0, 210, 324, 312, 118, 2.03%, 0, 0, 4, 617.48
1638689260, 0, 210, 326, 314, 118, 2.03%, 0, 0, 4, 611.43
1638689265, 0, 210, 327, 315, 118, 2.03%, 0, 0, 4, 600.75
1638689270, 0, 210, 328, 316, 118, 2.03%, 0, 0, 4, 599.97
1638689276, 0, 213, 334, 321, 118, 2.04%, 0, 0, 4, 595.87
1638689281, 0, 213, 340, 327, 118, 2.05%, 0, 0, 4, 595.38
1638689286, 0, 213, 342, 329, 118, 2.05%, 0, 0, 4, 588.01
1638689296, 0, 213, 345, 332, 118, 2.06%, 0, 0, 4, 602.01
1638689327, 0, 213, 347, 334, 118, 2.06%, 0, 0, 4, 625.45
1638689332, 0, 258, 352, 338, 122, 2.08%, 0, 0, 4, 626.29
1638689337, 0, 258, 354, 340, 122, 2.08%, 0, 0, 4, 625.11
1638689342, 0, 258, 355, 341, 122, 2.08%, 0, 0, 4, 604.18
1638689352, 0, 258, 356, 342, 122, 2.10%, 0, 0, 4, 619.56
1638689372, 0, 258, 357, 343, 122, 2.10%, 0, 0, 4, 610.87
1638689387, 0, 267, 371, 356, 122, 2.14%, 0, 0, 5, 600.39
1638689403, 0, 267, 373, 358, 122, 2.14%, 0, 0, 5, 594.39
1638689423, 0, 267, 374, 359, 122, 2.14%, 0, 0, 5, 616.03
1638689428, 0, 279, 377, 361, 127, 2.17%, 0, 0, 5, 600.08
1638689439, 0, 294, 379, 362, 128, 2.17%, 0, 0, 5, 588.11
1638689444, 0, 313, 389, 371, 127, 2.17%, 0, 0, 5, 592.67
1638689449, 0, 313, 392, 374, 127, 2.18%, 0, 0, 5, 593.72
1638689454, 0, 313, 395, 377, 127, 2.18%, 0, 0, 5, 585.43
1638689485, 0, 322, 399, 380, 126, 2.18%, 0, 0, 5, 599.08
1638689490, 0, 322, 403, 384, 126, 2.18%, 0, 0, 5, 615.30
1638689500, 0, 322, 404, 385, 126, 2.18%, 0, 0, 5, 628.89
1638689515, 0, 339, 407, 387, 126, 2.21%, 0, 0, 5, 628.41
1638689520, 0, 339, 413, 393, 126, 2.23%, 0, 0, 5, 633.00
1638689525, 0, 348, 415, 394, 131, 2.24%, 0, 0, 5, 608.05
1638689530, 0, 348, 426, 405, 131, 2.25%, 0, 0, 5, 605.28
1638689535, 0, 348, 429, 408, 131, 2.25%, 0, 0, 5, 607.48
1638689541, 0, 348, 432, 411, 131, 2.29%, 0, 0, 5, 610.38
1638689546, 0, 348, 434, 413, 131, 2.29%, 0, 0, 5, 612.93
1638689556, 0, 348, 435, 414, 131, 2.29%, 0, 0, 5, 605.33
1638689561, 0, 348, 437, 416, 131, 2.29%, 0, 0, 5, 607.64
1638689571, 0, 348, 438, 417, 131, 2.29%, 0, 0, 5, 604.06
1638689582, 0, 355, 438, 416, 139, 2.29%, 0, 0, 5, 592.66
1638689587, 0, 374, 445, 422, 138, 2.33%, 0, 0, 6, 602.07
1638689592, 0, 374, 447, 424, 138, 2.33%, 0, 0, 6, 593.40
1638689602, 0, 374, 448, 425, 138, 2.33%, 0, 0, 6, 578.80
1638689612, 0, 374, 449, 426, 138, 2.33%, 0, 0, 6, 582.33
1638689617, 0, 374, 450, 427, 138, 2.33%, 0, 0, 6, 583.09
1638689623, 0, 374, 451, 428, 138, 2.33%, 0, 0, 6, 581.90
1638689628, 0, 375, 454, 430, 143, 2.35%, 0, 0, 6, 585.35
1638689633, 0, 375, 460, 436, 143, 2.37%, 0, 0, 6, 590.10
1638689638, 0, 380, 468, 443, 148, 2.38%, 0, 0, 6, 585.30
1638689648, 0, 403, 470, 444, 154, 2.38%, 0, 0, 6, 592.34
1638689654, 0, 403, 473, 447, 154, 2.40%, 0, 0, 6, 598.77
1638689659, 0, 403, 475, 449, 154, 2.40%, 0, 0, 6, 596.88
1638689664, 0, 405, 486, 459, 156, 2.46%, 0, 0, 6, 599.91
1638689669, 0, 405, 487, 460, 156, 2.46%, 0, 0, 6, 603.46
1638689674, 0, 405, 489, 462, 156, 2.46%, 0, 0, 6, 600.98
1638689684, 0, 405, 490, 463, 156, 2.46%, 0, 0, 6, 600.14
1638689699, 0, 408, 492, 464, 163, 2.47%, 0, 0, 6, 621.82
1638689709, 0, 409, 492, 463, 161, 2.47%, 0, 0, 6, 613.97
1638689720, 0, 413, 494, 464, 160, 2.48%, 0, 0, 6, 623.24
1638689725, 0, 431, 496, 464, 158, 2.49%, 0, 0, 6, 626.50
1638689730, 0, 431, 513, 481, 158, 2.52%, 0, 0, 6, 625.96
1638689735, 0, 431, 515, 483, 158, 2.52%, 0, 0, 6, 621.52
1638689740, 0, 431, 520, 488, 158, 2.52%, 0, 0, 6, 622.19
1638689745, 0, 431, 521, 489, 158, 2.52%, 0, 0, 6, 616.01
1638689755, 0, 431, 524, 492, 158, 2.54%, 0, 0, 6, 612.65
1638689760, 0, 431, 525, 493, 158, 2.54%, 0, 0, 6, 616.94
1638689770, 0, 431, 527, 495, 158, 2.54%, 0, 0, 6, 621.10
1638689781, 0, 431, 528, 496, 158, 2.54%, 0, 0, 6, 612.55
1638689786, 0, 439, 531, 498, 166, 2.56%, 0, 0, 7, 612.23
1638689791, 0, 439, 532, 499, 166, 2.56%, 0, 0, 7, 610.07
1638689811, 0, 440, 537, 503, 168, 2.58%, 0, 0, 7, 607.49
1638689817, 0, 440, 541, 507, 168, 2.59%, 0, 0, 7, 614.15
1638689822, 0, 440, 544, 510, 168, 2.59%, 0, 0, 7, 591.54
1638689847, 0, 448, 565, 530, 176, 2.62%, 0, 0, 7, 616.87
1638689852, 0, 448, 567, 532, 176, 2.62%, 0, 0, 7, 612.29
1638689857, 0, 448, 568, 533, 176, 2.62%, 0, 0, 7, 619.74
1638689888, 0, 450, 569, 533, 178, 2.62%, 0, 0, 7, 604.90
1638689893, 0, 450, 570, 534, 178, 2.62%, 0, 0, 7, 598.79
1638689903, 0, 450, 571, 535, 178, 2.62%, 0, 0, 7, 587.47
1638689929, 0, 452, 572, 535, 177, 2.62%, 0, 0, 7, 592.01
1638689934, 0, 460, 574, 536, 176, 2.62%, 0, 0, 7, 594.75
1638689939, 0, 460, 576, 538, 176, 2.64%, 0, 0, 7, 614.73
1638689949, 0, 472, 579, 540, 176, 2.66%, 0, 0, 7, 620.86
1638689954, 0, 475, 584, 544, 176, 2.67%, 0, 0, 7, 614.06
1638689964, 0, 480, 587, 546, 178, 2.68%, 0, 0, 7, 557.12
1638689969, 0, 480, 591, 550, 178, 2.69%, 0, 0, 7, 534.89
1638689974, 0, 480, 592, 551, 178, 2.69%, 0, 0, 7, 530.49
1638689980, 0, 480, 593, 552, 178, 2.69%, 0, 0, 7, 527.70
1638689990, 0, 495, 595, 553, 182, 2.70%, 0, 0, 7, 527.87
1638689995, 0, 496, 596, 553, 183, 2.70%, 0, 0, 7, 516.18
1638690000, 0, 496, 599, 556, 183, 2.71%, 0, 0, 7, 524.01
1638690005, 0, 496, 600, 557, 183, 2.71%, 0, 0, 7, 508.89
1638690061, 0, 526, 602, 558, 183, 2.71%, 0, 0, 7, 538.87
1638690066, 0, 526, 603, 559, 183, 2.71%, 0, 0, 7, 532.64
1638690077, 0, 544, 606, 561, 183, 2.72%, 0, 0, 8, 533.04
1638690082, 0, 544, 607, 562, 183, 2.73%, 0, 0, 8, 531.21
1638690092, 0, 558, 609, 563, 185, 2.74%, 0, 0, 8, 534.79
1638690102, 0, 574, 609, 562, 186, 2.74%, 0, 0, 8, 536.03
1638690107, 0, 574, 614, 567, 186, 2.74%, 0, 0, 8, 526.60
1638690112, 0, 574, 617, 570, 186, 2.74%, 0, 0, 8, 522.70
1638690123, 0, 574, 618, 571, 186, 2.74%, 0, 0, 8, 502.31
1638690133, 0, 574, 619, 572, 186, 2.74%, 0, 0, 8, 529.15
1638690158, 0, 582, 623, 575, 186, 2.75%, 0, 0, 8, 609.79
1638690168, 0, 582, 625, 577, 186, 2.75%, 0, 0, 8, 617.97
1638690179, 0, 584, 627, 578, 186, 2.76%, 0, 0, 8, 601.71
1638690189, 0, 584, 628, 579, 186, 2.76%, 0, 0, 8, 566.95
1638690194, 0, 585, 628, 578, 185, 2.76%, 0, 0, 8, 585.36
1638690199, 0, 585, 630, 580, 185, 2.80%, 0, 0, 8, 590.06
1638690210, 0, 603, 631, 580, 185, 2.80%, 0, 0, 9, 582.11
1638690215, 0, 603, 634, 583, 185, 2.81%, 0, 0, 9, 589.21
1638690240, 0, 605, 635, 583, 186, 2.81%, 0, 0, 9, 597.56
1638690251, 0, 608, 640, 587, 186, 2.82%, 0, 0, 9, 602.03
1638690261, 0, 608, 642, 589, 186, 2.82%, 0, 0, 9, 601.59
1638690266, 0, 608, 643, 590, 186, 2.82%, 0, 0, 9, 616.14
1638690276, 0, 608, 644, 591, 186, 2.82%, 0, 0, 9, 612.61
1638690291, 0, 608, 645, 592, 186, 2.82%, 0, 0, 9, 628.34
1638690296, 0, 609, 645, 591, 186, 2.82%, 0, 0, 9, 622.28
1638690301, 0, 609, 647, 593, 186, 2.83%, 0, 0, 9, 592.61
1638690307, 0, 609, 648, 594, 186, 2.83%, 0, 0, 9, 601.90
1638690332, 0, 626, 649, 594, 185, 2.84%, 0, 0, 9, 586.35
1638690343, 0, 626, 650, 595, 185, 2.84%, 0, 0, 9, 594.97
1638690353, 0, 632, 655, 599, 186, 2.85%, 0, 0, 10, 588.31
1638690358, 0, 632, 656, 600, 186, 2.85%, 0, 0, 10, 591.92
1638690363, 0, 632, 657, 601, 186, 2.85%, 0, 0, 10, 581.50
1638690368, 0, 632, 658, 602, 186, 2.85%, 0, 0, 10, 587.50
1638690384, 0, 650, 665, 608, 186, 2.87%, 0, 0, 11, 603.14
1638690389, 0, 650, 668, 611, 186, 2.87%, 0, 0, 11, 594.07
1638690399, 0, 650, 669, 612, 186, 2.87%, 0, 0, 11, 595.06
1638690409, 0, 650, 670, 613, 186, 2.87%, 0, 0, 11, 597.38
1638690419, 0, 659, 674, 616, 188, 2.89%, 0, 0, 12, 585.01
1638690429, 0, 670, 675, 616, 191, 2.90%, 0, 0, 13, 569.16
1638690434, 0, 671, 676, 616, 191, 2.90%, 0, 0, 13, 573.07
1638690439, 0, 671, 677, 617, 191, 2.90%, 0, 0, 13, 575.99
1638690445, 0, 672, 677, 616, 192, 2.90%, 0, 0, 13, 580.54
1638690450, 0, 672, 679, 618, 192, 2.91%, 0, 0, 13, 589.31
1638690460, 0, 673, 680, 618, 193, 2.91%, 0, 0, 13, 595.03
1638690465, 0, 673, 681, 619, 193, 2.91%, 0, 0, 13, 597.10
1638690470, 0, 673, 683, 621, 193, 2.91%, 0, 0, 13, 598.03
1638690480, 0, 674, 683, 620, 193, 2.91%, 0, 0, 13, 602.62
1638690486, 0, 674, 684, 621, 193, 2.91%, 0, 0, 14, 583.77
1638690501, 0, 677, 686, 622, 192, 2.92%, 0, 0, 14, 612.00
1638690516, 0, 680, 689, 624, 191, 2.92%, 0, 0, 14, 603.91
1638690537, 0, 680, 690, 625, 191, 2.92%, 0, 0, 14, 603.90
1638690542, 0, 680, 692, 627, 191, 2.94%, 0, 0, 14, 586.43
1638690557, 0, 690, 696, 630, 192, 2.94%, 0, 0, 15, 599.70
1638690567, 0, 690, 697, 631, 192, 2.94%, 0, 0, 15, 586.49
1638690593, 0, 690, 698, 632, 192, 2.94%, 0, 0, 15, 604.59
1638690614, 0, 691, 702, 635, 192, 3.00%, 0, 0, 15, 586.05
1638690619, 0, 691, 704, 637, 192, 3.02%, 0, 0, 15, 583.39
1638690624, 0, 691, 706, 639, 192, 3.02%, 0, 0, 15, 584.38
1638690639, 0, 691, 707, 640, 192, 3.02%, 0, 0, 15, 592.84
1638690654, 0, 700, 715, 647, 191, 3.03%, 0, 0, 16, 601.24
1638690659, 0, 700, 724, 656, 191, 3.04%, 0, 0, 16, 604.87
1638690665, 0, 700, 726, 658, 191, 3.04%, 0, 0, 16, 586.02
1638690680, 0, 700, 727, 659, 191, 3.04%, 0, 0, 16, 589.76
1638690690, 0, 700, 728, 660, 191, 3.04%, 0, 0, 16, 585.90
1638690695, 0, 700, 729, 661, 191, 3.04%, 0, 0, 16, 585.95
1638690701, 0, 713, 729, 660, 199, 3.04%, 0, 0, 16, 588.12
1638690711, 0, 713, 730, 661, 199, 3.04%, 0, 0, 17, 588.87
1638690716, 0, 713, 731, 662, 199, 3.04%, 0, 0, 17, 593.56
1638690726, 0, 713, 732, 663, 199, 3.05%, 0, 0, 17, 601.36
1638690742, 0, 728, 736, 666, 199, 3.05%, 0, 0, 17, 611.11
1638690747, 0, 728, 738, 668, 199, 3.05%, 0, 0, 17, 608.17
1638690757, 0, 728, 740, 670, 199, 3.05%, 0, 0, 17, 604.94
1638690767, 0, 728, 741, 671, 199, 3.05%, 0, 0, 17, 580.32
1638690787, 0, 731, 751, 680, 199, 3.05%, 0, 0, 18, 574.34
1638690792, 0, 731, 752, 681, 199, 3.05%, 0, 0, 18, 564.58
1638690797, 0, 731, 754, 683, 199, 3.05%, 0, 0, 18, 584.80
1638690803, 0, 731, 755, 684, 199, 3.05%, 0, 0, 18, 580.78
1638690808, 0, 731, 757, 686, 199, 3.05%, 0, 0, 18, 581.34
1638690828, 0, 748, 758, 686, 199, 3.05%, 0, 0, 18, 577.69
1638690833, 0, 748, 759, 687, 199, 3.05%, 0, 0, 19, 584.87
1638690838, 0, 748, 760, 688, 199, 3.06%, 0, 0, 19, 586.13
1638690848, 0, 748, 761, 689, 199, 3.06%, 0, 0, 19, 584.81
1638690859, 0, 748, 762, 690, 199, 3.06%, 0, 0, 19, 589.64
1638690864, 0, 748, 763, 691, 199, 3.06%, 0, 0, 19, 582.50
1638690874, 0, 760, 766, 693, 197, 3.06%, 0, 0, 20, 584.97
1638690879, 0, 760, 768, 695, 197, 3.06%, 0, 0, 20, 586.01
1638690884, 0, 760, 771, 698, 197, 3.07%, 0, 0, 20, 588.02
1638690920, 0, 770, 783, 709, 199, 3.07%, 0, 0, 21, 589.04
1638690925, 0, 770, 786, 712, 199, 3.07%, 0, 0, 21, 584.49
1638690936, 0, 770, 788, 714, 199, 3.07%, 0, 0, 21, 587.86
1638690956, 0, 770, 789, 715, 199, 3.07%, 0, 0, 21, 585.73
1638690961, 0, 783, 795, 720, 201, 3.07%, 0, 0, 22, 576.71
1638690966, 0, 783, 799, 724, 201, 3.07%, 0, 0, 22, 589.82
1638690972, 0, 783, 801, 726, 201, 3.09%, 0, 0, 22, 584.62
1638690987, 0, 783, 802, 727, 201, 3.09%, 0, 0, 22, 561.06
1638691007, 0, 799, 815, 739, 199, 3.14%, 0, 0, 23, 576.41
1638691013, 0, 799, 818, 742, 199, 3.14%, 0, 0, 23, 584.59
1638691018, 0, 799, 819, 743, 199, 3.14%, 0, 0, 23, 585.60
1638691028, 0, 799, 820, 744, 199, 3.14%, 0, 0, 23, 580.23
1638691038, 0, 799, 821, 745, 199, 3.14%, 0, 0, 23, 588.80
1638691053, 0, 799, 822, 746, 199, 3.14%, 0, 0, 23, 597.55
1638691069, 1, 489, 823, 746, 202, 3.14%, 0, 0, 23, 593.91
1638691074, 1, 489, 824, 747, 202, 3.14%, 0, 0, 23, 600.86
1638691079, 1, 490, 826, 748, 202, 3.15%, 0, 0, 23, 614.22
1638691084, 1, 490, 828, 750, 202, 3.16%, 0, 0, 23, 597.76
1638691089, 1, 490, 829, 751, 202, 3.16%, 0, 0, 23, 612.92
1638691094, 1, 490, 832, 754, 202, 3.16%, 0, 0, 23, 611.39
1638691115, 1, 490, 833, 755, 202, 3.16%, 0, 0, 23, 613.48
1638691125, 1, 490, 834, 756, 202, 3.16%, 0, 0, 23, 625.73
1638691130, 1, 490, 835, 757, 202, 3.16%, 0, 0, 23, 621.09
1638691140, 1, 829, 835, 756, 204, 3.16%, 0, 0, 23, 618.69
1638691145, 1, 829, 837, 758, 204, 3.17%, 0, 0, 23, 611.86
1638691176, 1, 829, 839, 760, 204, 3.17%, 0, 0, 23, 625.04
1638691186, 1, 829, 840, 761, 204, 3.17%, 0, 0, 23, 623.31
1638691201, 1, 829, 841, 762, 204, 3.17%, 0, 0, 23, 603.34
1638691206, 1, 829, 842, 763, 204, 3.17%, 0, 0, 23, 612.35
1638691227, 1, 834, 843, 763, 205, 3.18%, 0, 0, 23, 628.17
1638691237, 1, 836, 843, 762, 205, 3.18%, 0, 0, 23, 628.94
1638691242, 1, 836, 845, 764, 205, 3.18%, 0, 0, 23, 639.39
1638691283, 1, 842, 847, 765, 204, 3.18%, 0, 0, 23, 624.68
1638691298, 1, 846, 849, 766, 204, 3.18%, 0, 0, 23, 613.83
1638691303, 1, 846, 850, 767, 204, 3.18%, 0, 0, 23, 592.92
1638691308, 1, 846, 851, 768, 204, 3.18%, 0, 0, 23, 584.54
1638691334, 1, 846, 852, 769, 204, 3.18%, 0, 0, 23, 574.44
1638691344, 1, 849, 852, 768, 205, 3.18%, 0, 0, 23, 566.40
1638691359, 1, 851, 857, 772, 204, 3.21%, 0, 0, 23, 575.81
1638691374, 1, 851, 858, 773, 204, 3.21%, 0, 0, 23, 586.45
1638691390, 1, 855, 858, 772, 208, 3.21%, 0, 0, 23, 621.69
1638691395, 1, 855, 861, 775, 208, 3.21%, 0, 0, 23, 634.29
1638691405, 1, 855, 863, 777, 208, 3.22%, 0, 0, 23, 633.69
1638691445, 1, 858, 865, 778, 207, 3.22%, 0, 0, 23, 621.78
1638691466, 1, 864, 865, 777, 208, 3.22%, 0, 0, 23, 637.91
1638691486, 2, 492, 869, 780, 207, 3.23%, 0, 0, 23, 627.63
1638691492, 2, 492, 876, 787, 207, 3.26%, 0, 0, 23, 638.80
1638691497, 2, 492, 877, 788, 207, 3.26%, 0, 0, 23, 637.74
1638691507, 2, 492, 879, 790, 207, 3.26%, 0, 0, 23, 626.05
1638691527, 2, 492, 880, 791, 207, 3.26%, 0, 0, 23, 630.74
1638691542, 2, 865, 884, 794, 208, 3.27%, 0, 0, 23, 633.36
1638691548, 2, 865, 886, 796, 208, 3.27%, 0, 0, 23, 630.93
1638691553, 2, 865, 887, 797, 208, 3.27%, 0, 0, 23, 634.80
1638691578, 2, 865, 888, 798, 208, 3.27%, 0, 0, 23, 639.68
1638691593, 2, 872, 893, 802, 209, 3.29%, 0, 0, 23, 621.17
1638691604, 2, 887, 909, 817, 213, 3.29%, 0, 0, 23, 611.72
1638691609, 2, 887, 912, 820, 213, 3.29%, 0, 0, 23, 622.80
1638691614, 2, 887, 913, 821, 213, 3.29%, 0, 0, 23, 621.47
1638691624, 2, 887, 914, 822, 213, 3.29%, 0, 0, 23, 605.40
1638691629, 2, 887, 915, 823, 213, 3.29%, 0, 0, 23, 623.52
1638691639, 2, 887, 916, 824, 213, 3.29%, 0, 0, 23, 620.31
1638691645, 2, 902, 917, 824, 213, 3.29%, 0, 0, 23, 619.98
1638691655, 2, 902, 918, 825, 213, 3.29%, 0, 0, 23, 618.80
1638691675, 3, 517, 934, 840, 212, 3.33%, 0, 0, 23, 616.21
1638691680, 3, 517, 937, 843, 212, 3.34%, 0, 0, 23, 634.76
1638691685, 3, 517, 943, 849, 212, 3.34%, 0, 0, 23, 607.92
1638691690, 3, 517, 946, 852, 212, 3.34%, 0, 0, 23, 625.88
1638691695, 3, 517, 949, 855, 212, 3.34%, 0, 0, 23, 633.06
1638691700, 3, 517, 951, 857, 212, 3.34%, 0, 0, 23, 631.72
1638691705, 3, 517, 955, 861, 212, 3.34%, 0, 0, 23, 622.22
1638691711, 3, 517, 957, 863, 212, 3.34%, 0, 0, 23, 624.65
1638691716, 3, 517, 958, 864, 212, 3.34%, 0, 0, 23, 616.40
1638691721, 3, 517, 960, 866, 212, 3.34%, 0, 0, 23, 631.42
1638691726, 3, 517, 962, 868, 212, 3.34%, 0, 0, 23, 626.81
1638691736, 3, 934, 963, 868, 217, 3.34%, 0, 0, 23, 614.75
1638691741, 3, 934, 964, 869, 217, 3.35%, 0, 0, 23, 608.56
1638691746, 3, 934, 966, 871, 217, 3.35%, 0, 0, 23, 623.58
1638691751, 3, 934, 967, 872, 217, 3.35%, 0, 0, 23, 628.70
1638691761, 3, 934, 968, 873, 217, 3.35%, 0, 0, 23, 640.00
1638691777, 3, 934, 970, 875, 217, 3.35%, 0, 0, 23, 629.51
1638691788, 3, 962, 978, 882, 218, 3.36%, 0, 1, 23, 107.03
1638691793, 3, 962, 994, 898, 218, 3.36%, 0, 3, 23, 618.46
1638691798, 3, 962, 999, 903, 218, 3.37%, 0, 3, 23, 611.49
1638691803, 3, 962, 1001, 905, 218, 3.37%, 0, 3, 23, 563.86
1638691808, 3, 962, 1002, 906, 218, 3.37%, 0, 3, 23, 574.60
1638691818, 3, 962, 1004, 908, 218, 3.37%, 0, 3, 23, 594.15
1638691823, 3, 962, 1004, 908, 218, 3.37%, 0, 4, 23, 558.04
1638691829, 3, 962, 1005, 909, 218, 3.37%, 0, 4, 23, 600.34
1638691834, 3, 964, 1006, 909, 221, 3.37%, 0, 4, 23, 591.38
1638691839, 3, 964, 1007, 910, 221, 3.37%, 0, 4, 23, 591.53
1638691849, 3, 964, 1008, 911, 221, 3.37%, 0, 4, 23, 584.87
1638691869, 3, 972, 1009, 911, 221, 3.37%, 0, 4, 23, 621.31
1638691874, 3, 972, 1010, 912, 221, 3.37%, 0, 4, 23, 638.32
1638691905, 3, 996, 1012, 913, 221, 3.37%, 0, 4, 23, 621.74
1638691912, 3, 996, 1024, 925, 221, 3.37%, 0, 8, 23, 42.11
1638691917, 3, 996, 1032, 933, 221, 3.38%, 0, 9, 23, 592.22
1638691922, 3, 996, 1035, 936, 221, 3.38%, 0, 10, 23, 558.05
1638691927, 3, 996, 1038, 939, 221, 3.38%, 0, 10, 23, 523.23
1638691932, 3, 996, 1041, 942, 221, 3.38%, 0, 10, 23, 515.14
1638691942, 3, 996, 1044, 945, 221, 3.38%, 0, 10, 23, 534.76
1638691952, 3, 996, 1045, 946, 221, 3.38%, 0, 10, 23, 530.82
1638691957, 3, 996, 1047, 948, 221, 3.38%, 0, 10, 23, 519.87
1638691962, 3, 996, 1048, 949, 221, 3.38%, 0, 10, 23, 537.75
1638691967, 3, 1009, 1060, 960, 224, 3.40%, 0, 10, 23, 610.41
1638691973, 3, 1009, 1063, 963, 224, 3.41%, 0, 10, 23, 633.34
1638691983, 3, 1009, 1064, 964, 224, 3.41%, 0, 10, 23, 611.56
1638691988, 3, 1009, 1069, 969, 224, 3.41%, 0, 10, 23, 629.11
1638691993, 3, 1009, 1071, 971, 224, 3.41%, 0, 10, 23, 636.42
1638691998, 3, 1009, 1073, 973, 224, 3.41%, 0, 10, 23, 635.54
1638692008, 3, 1009, 1074, 974, 224, 3.41%, 0, 10, 23, 635.51
1638692013, 3, 1009, 1075, 975, 224, 3.41%, 0, 10, 23, 625.57
1638692024, 3, 1056, 1076, 975, 234, 3.42%, 0, 10, 23, 614.33
1638692029, 3, 1056, 1077, 976, 234, 3.42%, 0, 10, 23, 629.20
1638692044, 3, 1056, 1078, 977, 234, 3.42%, 0, 10, 23, 613.43
1638692060, 3, 1076, 1078, 976, 234, 3.42%, 0, 10, 23, 634.75
1638692065, 3, 1076, 1079, 977, 234, 3.42%, 0, 10, 23, 634.47
1638692080, 3, 1076, 1081, 979, 234, 3.42%, 0, 10, 23, 632.57
1638692105, 3, 1076, 1082, 980, 234, 3.42%, 0, 10, 23, 618.40
1638692116, 3, 1076, 1084, 982, 234, 3.42%, 0, 10, 23, 626.74
1638692121, 4, 577, 1087, 984, 236, 3.42%, 0, 10, 23, 631.67
1638692131, 4, 577, 1088, 985, 236, 3.43%, 0, 10, 23, 642.31
1638692147, 4, 577, 1089, 986, 236, 3.43%, 0, 10, 23, 636.67
1638692172, 4, 1084, 1092, 988, 238, 3.43%, 0, 10, 23, 637.93
1638692177, 4, 1084, 1093, 989, 238, 3.44%, 0, 10, 23, 647.06
1638692188, 4, 1084, 1094, 990, 238, 3.44%, 0, 10, 23, 642.95
1638692198, 4, 1084, 1095, 991, 238, 3.44%, 0, 10, 23, 643.80
1638692203, 4, 1084, 1096, 992, 238, 3.44%, 0, 10, 23, 623.64
1638692213, 4, 1092, 1097, 992, 240, 3.44%, 0, 10, 23, 628.78
1638692448, 5, 648, 1099, 993, 239, 3.44%, 0, 10, 23, 623.89
1638692453, 5, 648, 1101, 995, 239, 3.44%, 0, 10, 23, 625.81
1638692473, 5, 759, 1102, 995, 240, 3.44%, 0, 10, 23, 633.88
1638692478, 5, 759, 1109, 1002, 240, 3.46%, 0, 10, 23, 616.73
1638692483, 5, 759, 1112, 1005, 240, 3.46%, 0, 10, 23, 619.30
1638692489, 5, 759, 1116, 1009, 240, 3.46%, 0, 10, 23, 613.86
1638692494, 5, 759, 1118, 1011, 240, 3.46%, 0, 10, 23, 604.98
1638692499, 5, 759, 1122, 1015, 240, 3.46%, 0, 10, 23, 601.94
1638692504, 5, 759, 1124, 1017, 240, 3.46%, 0, 10, 23, 596.41
1638692509, 5, 759, 1128, 1021, 240, 3.46%, 0, 10, 23, 599.38
1638692514, 5, 822, 1133, 1025, 239, 3.46%, 0, 10, 23, 603.66
1638692524, 5, 822, 1134, 1026, 239, 3.46%, 0, 10, 23, 601.22
1638692534, 5, 1130, 1136, 1027, 242, 3.47%, 0, 10, 23, 622.17
1638692540, 5, 1130, 1137, 1028, 242, 3.47%, 0, 10, 23, 631.68
1638692555, 5, 1130, 1139, 1030, 242, 3.47%, 0, 10, 23, 632.09
1638692580, 5, 1135, 1140, 1030, 242, 3.47%, 0, 10, 23, 630.02
1638692585, 5, 1135, 1142, 1032, 242, 3.47%, 0, 10, 23, 613.53
1638692611, 5, 1135, 1143, 1033, 242, 3.47%, 0, 10, 23, 621.20
1638692626, 5, 1138, 1143, 1032, 242, 3.47%, 0, 10, 23, 628.17
1638692651, 6, 889, 1144, 1032, 241, 3.48%, 0, 10, 23, 624.79
1638692656, 6, 889, 1146, 1034, 241, 3.48%, 0, 10, 23, 625.43
1638692687, 6, 963, 1146, 1033, 241, 3.48%, 0, 10, 23, 626.94
1638692692, 6, 963, 1148, 1035, 241, 3.48%, 0, 10, 23, 619.08
1638692707, 6, 963, 1149, 1036, 241, 3.48%, 0, 10, 23, 605.65
1638692712, 6, 963, 1150, 1037, 241, 3.48%, 0, 10, 23, 618.01
1638692717, 6, 963, 1152, 1039, 241, 3.48%, 0, 10, 23, 625.89
1638692722, 6, 963, 1153, 1040, 241, 3.48%, 0, 10, 23, 626.26
1638692727, 6, 963, 1155, 1042, 241, 3.48%, 0, 10, 23, 616.78
1638692732, 6, 963, 1156, 1043, 241, 3.48%, 0, 10, 23, 614.33
1638692737, 6, 963, 1157, 1044, 241, 3.48%, 0, 10, 23, 624.80
1638692747, 6, 1149, 1159, 1045, 241, 3.48%, 0, 10, 23, 619.26
1638692753, 6, 1149, 1160, 1046, 241, 3.48%, 0, 10, 23, 616.78
1638692783, 7, 211, 1163, 1048, 240, 3.51%, 0, 10, 23, 619.78
1638692788, 7, 263, 1165, 1049, 240, 3.51%, 0, 10, 23, 627.50
1638692793, 7, 263, 1166, 1050, 240, 3.51%, 0, 10, 23, 626.32
1638692798, 7, 462, 1168, 1051, 240, 3.51%, 0, 10, 23, 624.31
1638692808, 7, 530, 1169, 1051, 240, 3.51%, 0, 10, 23, 629.75
1638692813, 7, 1168, 1171, 1052, 240, 3.51%, 0, 10, 23, 619.06
1638692829, 7, 1168, 1172, 1053, 240, 3.51%, 0, 10, 23, 624.22
1638692854, 8, 536, 1172, 1052, 239, 3.51%, 0, 10, 23, 624.66
1638692859, 8, 536, 1173, 1053, 239, 3.51%, 0, 10, 23, 636.14
1638692865, 8, 590, 1173, 1052, 238, 3.51%, 0, 10, 23, 615.01
1638692875, 8, 590, 1174, 1053, 238, 3.51%, 0, 10, 23, 614.58
1638692880, 8, 590, 1175, 1054, 238, 3.51%, 0, 10, 23, 626.80
1638692895, 8, 622, 1177, 1055, 238, 3.52%, 0, 10, 23, 635.42
1638692900, 8, 622, 1178, 1056, 238, 3.52%, 0, 10, 23, 637.60
1638692905, 8, 622, 1179, 1057, 238, 3.52%, 0, 10, 23, 632.79
1638692921, 8, 628, 1179, 1056, 238, 3.52%, 0, 10, 23, 622.86
1638692926, 8, 628, 1180, 1057, 238, 3.52%, 0, 10, 23, 622.05
1638692941, 8, 773, 1180, 1056, 238, 3.52%, 0, 10, 23, 614.62
1638692946, 8, 773, 1181, 1057, 238, 3.52%, 0, 10, 23, 602.38
1638692951, 8, 773, 1182, 1058, 238, 3.52%, 0, 10, 23, 607.40
1638692961, 8, 773, 1183, 1059, 238, 3.52%, 0, 10, 23, 608.83
1638692971, 8, 773, 1184, 1060, 238, 3.52%, 0, 10, 23, 606.89
1638692987, 8, 835, 1185, 1060, 237, 3.52%, 0, 10, 23, 623.42
1638693028, 8, 856, 1190, 1064, 237, 3.52%, 0, 10, 23, 635.70
1638693043, 8, 856, 1191, 1065, 237, 3.53%, 0, 10, 23, 625.74
1638693053, 8, 856, 1192, 1066, 237, 3.53%, 0, 10, 23, 632.32
1638693058, 8, 856, 1193, 1067, 237, 3.54%, 0, 10, 23, 631.64
1638693078, 8, 1191, 1193, 1066, 240, 3.54%, 0, 10, 23, 631.90
1638693104, 8, 1192, 1195, 1067, 239, 3.55%, 0, 10, 23, 614.22
1638693109, 8, 1192, 1196, 1068, 239, 3.56%, 0, 10, 23, 625.38
1638693134, 8, 1193, 1199, 1070, 241, 3.57%, 0, 10, 23, 629.31
1638693139, 8, 1193, 1200, 1071, 241, 3.57%, 0, 10, 23, 634.25
1638693144, 8, 1193, 1201, 1072, 241, 3.57%, 0, 10, 23, 632.47
1638693150, 8, 1193, 1202, 1073, 241, 3.57%, 0, 10, 23, 638.26
1638693180, 8, 1196, 1203, 1073, 245, 3.58%, 0, 10, 23, 622.12
1638693190, 8, 1196, 1204, 1074, 245, 3.58%, 0, 10, 23, 636.70
1638693241, 8, 1197, 1208, 1077, 245, 3.59%, 0, 10, 23, 615.78
1638693251, 8, 1197, 1210, 1079, 245, 3.59%, 0, 10, 23, 633.39
1638693298, 8, 1201, 1210, 1078, 248, 3.59%, 0, 10, 23, 632.83
1638693303, 8, 1201, 1211, 1079, 248, 3.59%, 0, 10, 23, 610.03
1638693308, 8, 1201, 1212, 1080, 248, 3.59%, 0, 10, 23, 633.10
1638693354, 8, 1202, 1212, 1079, 248, 3.59%, 0, 10, 23, 637.89
1638693365, 8, 1202, 1213, 1080, 248, 3.59%, 0, 10, 23, 612.92
1638693411, 8, 1205, 1213, 1079, 247, 3.59%, 0, 10, 23, 632.05
1638693447, 9, 1195, 1215, 1080, 246, 3.61%, 0, 10, 23, 639.71
1638693472, 9, 1213, 1216, 1080, 247, 3.61%, 0, 10, 23, 640.91
1638693477, 9, 1213, 1217, 1081, 247, 3.62%, 0, 10, 23, 634.61
1638693482, 9, 1213, 1218, 1082, 247, 3.62%, 0, 10, 23, 604.14
1638693488, 9, 1213, 1220, 1084, 247, 3.62%, 0, 10, 23, 633.53
1638693534, 9, 1215, 1221, 1084, 249, 3.62%, 0, 10, 23, 640.72
1638693539, 9, 1215, 1222, 1085, 249, 3.62%, 0, 10, 23, 649.32
1638693590, 9, 1220, 1222, 1084, 250, 3.62%, 0, 10, 23, 634.86
1638693601, 9, 1220, 1223, 1085, 250, 3.62%, 0, 10, 23, 634.93
1638693652, 10, 1218, 1223, 1084, 250, 3.62%, 0, 10, 23, 559.86
1638693687, 11, 863, 1223, 1083, 249, 3.62%, 0, 10, 23, 561.66
1638693692, 11, 863, 1224, 1084, 249, 3.62%, 0, 10, 23, 580.98
1638693712, 11, 863, 1234, 1094, 249, 3.69%, 0, 10, 23, 619.35
1638693717, 11, 1223, 1239, 1098, 250, 3.70%, 0, 10, 23, 620.66
1638693733, 11, 1223, 1241, 1100, 250, 3.70%, 0, 10, 23, 629.53
1638693789, 11, 1223, 1243, 1102, 250, 3.70%, 0, 10, 23, 606.11
1638693799, 11, 1235, 1262, 1120, 251, 3.73%, 0, 10, 23, 612.92
1638693814, 11, 1235, 1263, 1121, 251, 3.73%, 0, 10, 23, 614.98
1638693819, 11, 1235, 1264, 1122, 251, 3.73%, 0, 10, 23, 615.36
1638693824, 11, 1235, 1265, 1123, 251, 3.73%, 0, 10, 23, 611.50
1638693854, 11, 1235, 1283, 1141, 251, 3.74%, 0, 10, 23, 610.53
1638693860, 11, 1235, 1303, 1161, 251, 3.76%, 0, 10, 23, 621.36
1638693865, 11, 1235, 1319, 1177, 251, 3.76%, 0, 10, 23, 609.82
1638693870, 11, 1236, 1322, 1179, 257, 3.76%, 0, 10, 23, 617.16
1638693925, 11, 1236, 1326, 1183, 257, 3.76%, 0, 10, 23, 615.27
1638693930, 11, 1236, 1329, 1186, 257, 3.76%, 0, 10, 23, 615.97
1638693936, 11, 1236, 1336, 1193, 257, 3.77%, 0, 11, 23, 447.17
1638693941, 11, 1236, 1339, 1196, 257, 3.79%, 0, 11, 23, 579.12
1638693946, 11, 1293, 1341, 1197, 260, 3.80%, 0, 11, 23, 613.02
1638693981, 11, 1316, 1346, 1201, 262, 3.81%, 0, 11, 23, 616.14
1638693986, 11, 1316, 1347, 1202, 262, 3.81%, 0, 11, 23, 615.24
1638693991, 11, 1316, 1352, 1207, 262, 3.81%, 0, 11, 23, 615.00
1638694007, 11, 1316, 1353, 1208, 262, 3.81%, 0, 11, 23, 599.19
1638694038, 11, 1316, 1354, 1209, 262, 3.81%, 0, 11, 23, 603.32
1638694043, 11, 1316, 1356, 1211, 262, 3.81%, 0, 11, 23, 613.07
1638694048, 11, 1316, 1363, 1218, 262, 3.81%, 0, 11, 23, 615.92
1638694053, 11, 1316, 1367, 1222, 262, 3.81%, 0, 11, 23, 613.60
1638694058, 11, 1316, 1370, 1225, 262, 3.81%, 0, 11, 23, 624.25
1638694063, 11, 1337, 1375, 1229, 264, 3.81%, 0, 11, 23, 615.42
1638694073, 11, 1337, 1376, 1230, 264, 3.81%, 0, 11, 23, 618.18
1638694088, 11, 1337, 1377, 1231, 264, 3.84%, 0, 11, 23, 616.53
1638694124, 11, 1337, 1378, 1232, 264, 3.84%, 0, 11, 23, 618.05
1638694129, 11, 1337, 1383, 1237, 264, 3.84%, 0, 11, 23, 593.50
1638694139, 11, 1341, 1385, 1238, 265, 3.85%, 0, 11, 23, 619.13
1638694144, 11, 1341, 1386, 1239, 265, 3.85%, 0, 11, 23, 601.46
1638694200, 11, 1341, 1387, 1240, 265, 3.85%, 0, 11, 23, 625.70
1638694205, 11, 1341, 1391, 1244, 265, 3.85%, 0, 11, 23, 600.73
1638694210, 11, 1380, 1395, 1247, 266, 3.86%, 0, 11, 23, 574.62
1638694225, 11, 1380, 1397, 1249, 266, 3.86%, 0, 11, 23, 518.51
1638694419, 11, 1380, 1398, 1250, 266, 3.86%, 0, 11, 23, 508.75
1638694429, 11, 1380, 1400, 1252, 266, 3.86%, 0, 11, 23, 512.12
1638694444, 11, 1380, 1401, 1253, 266, 3.86%, 0, 11, 23, 498.30
1638694449, 11, 1380, 1402, 1254, 266, 3.86%, 0, 11, 23, 518.92
1638694454, 11, 1380, 1404, 1256, 266, 3.86%, 0, 11, 23, 506.72
1638694464, 11, 1380, 1405, 1257, 266, 3.86%, 0, 11, 23, 516.66
1638694480, 11, 1380, 1407, 1259, 266, 3.86%, 0, 11, 23, 518.61
1638694485, 11, 1380, 1409, 1261, 266, 3.86%, 0, 11, 23, 592.30
1638694490, 11, 1380, 1412, 1264, 266, 3.86%, 0, 11, 23, 613.31
1638694495, 11, 1380, 1414, 1266, 266, 3.86%, 0, 11, 23, 570.48
1638694500, 11, 1390, 1415, 1266, 266, 3.86%, 0, 11, 23, 607.38
1638694556, 11, 1390, 1417, 1268, 266, 3.86%, 0, 11, 23, 624.08
1638694562, 11, 1390, 1420, 1271, 266, 3.88%, 0, 12, 23, 53.74
1638694567, 11, 1390, 1423, 1274, 266, 3.88%, 0, 13, 23, 587.16
1638694572, 11, 1418, 1423, 1273, 262, 3.88%, 0, 14, 23, 441.86
1638694577, 11, 1418, 1424, 1274, 262, 3.89%, 0, 14, 23, 583.70
1638694582, 11, 1418, 1426, 1276, 262, 3.89%, 0, 14, 23, 617.54
1638694587, 11, 1418, 1427, 1277, 262, 3.89%, 0, 14, 23, 619.26
1638694603, 11, 1418, 1428, 1278, 262, 3.89%, 0, 14, 23, 618.89
1638694638, 11, 1418, 1429, 1279, 262, 3.89%, 0, 14, 23, 581.32
1638694643, 11, 1418, 1433, 1283, 262, 3.89%, 0, 14, 23, 565.29
1638694654, 11, 1428, 1435, 1284, 261, 3.89%, 0, 14, 23, 573.31
1638694699, 11, 1428, 1437, 1286, 261, 3.90%, 0, 14, 23, 572.77
1638694704, 11, 1428, 1439, 1288, 261, 3.91%, 0, 14, 23, 574.74
1638694709, 11, 1428, 1442, 1291, 261, 3.91%, 0, 14, 23, 580.94
1638694714, 11, 1437, 1443, 1291, 262, 3.91%, 0, 14, 23, 591.89
1638694719, 11, 1437, 1446, 1294, 262, 3.92%, 0, 14, 23, 604.06
1638694724, 11, 1437, 1447, 1295, 262, 3.92%, 0, 14, 23, 603.74
1638694730, 11, 1437, 1448, 1296, 262, 3.92%, 0, 14, 23, 609.58
1638694735, 11, 1437, 1450, 1298, 262, 3.92%, 0, 14, 23, 616.33
1638694755, 11, 1437, 1452, 1300, 262, 3.92%, 0, 14, 23, 599.54
1638694785, 11, 1437, 1459, 1307, 262, 3.92%, 0, 14, 23, 574.35
1638694790, 11, 1446, 1461, 1308, 265, 3.93%, 0, 14, 23, 572.63
1638694795, 11, 1446, 1462, 1309, 265, 3.93%, 0, 14, 23, 572.21
1638694846, 11, 1446, 1465, 1312, 265, 3.93%, 0, 14, 23, 575.90
1638694851, 11, 1446, 1471, 1318, 265, 3.93%, 0, 14, 23, 584.70
1638694856, 11, 1446, 1475, 1322, 265, 3.93%, 0, 14, 23, 581.86
1638694862, 12, 1265, 1477, 1323, 266, 3.93%, 0, 14, 23, 2.87
1638694867, 12, 1265, 1479, 1325, 266, 3.94%, 0, 14, 23, 598.69
1638694872, 12, 1265, 1480, 1326, 266, 3.94%, 0, 14, 23, 602.28
1638694877, 12, 1265, 1481, 1327, 266, 3.94%, 0, 14, 23, 608.36
1638694892, 12, 1265, 1482, 1328, 266, 3.94%, 0, 14, 23, 600.32
1638694923, 12, 1265, 1485, 1331, 266, 3.94%, 0, 14, 23, 560.22
1638694928, 12, 1265, 1487, 1333, 266, 3.94%, 0, 14, 23, 562.09
1638694933, 12, 1265, 1495, 1341, 266, 3.94%, 0, 14, 23, 573.84
1638694938, 12, 1477, 1513, 1358, 267, 4.10%, 0, 14, 23, 569.87
1638694943, 12, 1477, 1515, 1360, 267, 4.11%, 0, 14, 23, 575.02
1638694949, 12, 1477, 1521, 1366, 267, 4.13%, 0, 14, 23, 577.85
1638694954, 12, 1477, 1522, 1367, 267, 4.13%, 0, 14, 23, 577.66
1638694959, 12, 1477, 1526, 1371, 267, 4.14%, 0, 14, 23, 582.30
1638694964, 12, 1477, 1527, 1372, 267, 4.14%, 0, 14, 23, 576.35
1638694979, 12, 1477, 1529, 1374, 267, 4.14%, 0, 14, 23, 558.12
1638694984, 12, 1477, 1553, 1398, 267, 4.16%, 0, 14, 23, 557.19
1638694990, 12, 1477, 1565, 1410, 267, 4.21%, 0, 14, 23, 590.54
1638694995, 12, 1564, 1579, 1423, 286, 4.23%, 0, 14, 23, 605.79
1638695000, 12, 1564, 1580, 1424, 286, 4.23%, 0, 14, 23, 609.08
1638695061, 12, 1564, 1583, 1427, 286, 4.23%, 0, 14, 23, 578.56
1638695066, 12, 1564, 1586, 1430, 286, 4.23%, 0, 14, 23, 574.78
1638695071, 12, 1564, 1590, 1434, 286, 4.24%, 0, 14, 23, 578.23
1638695076, 12, 1565, 1592, 1435, 287, 4.24%, 0, 14, 23, 579.36
1638695081, 12, 1565, 1593, 1436, 287, 4.24%, 0, 14, 23, 582.00
1638695086, 12, 1565, 1594, 1437, 287, 4.24%, 0, 14, 23, 580.10
1638695112, 12, 1565, 1595, 1438, 287, 4.24%, 0, 14, 23, 585.83
1638695117, 12, 1565, 1596, 1439, 287, 4.25%, 0, 14, 23, 596.63
1638695122, 12, 1565, 1600, 1443, 287, 4.25%, 0, 14, 23, 603.71
1638695127, 12, 1565, 1607, 1450, 287, 4.25%, 0, 14, 23, 606.47
1638695132, 12, 1589, 1616, 1458, 292, 4.26%, 0, 14, 23, 605.92
1638695147, 12, 1589, 1617, 1459, 292, 4.26%, 0, 14, 23, 606.47
1638695208, 12, 1589, 1623, 1465, 292, 4.27%, 0, 14, 23, 576.76
1638695213, 12, 1589, 1627, 1469, 292, 4.27%, 0, 14, 23, 576.66
1638695218, 12, 1589, 1628, 1470, 292, 4.27%, 0, 14, 23, 574.32
1638695223, 12, 1604, 1629, 1470, 296, 4.28%, 0, 14, 23, 553.81
1638695279, 12, 1604, 1634, 1475, 296, 4.32%, 0, 14, 23, 586.16
1638695290, 12, 1618, 1639, 1479, 298, 4.34%, 0, 14, 23, 627.50
1638695295, 12, 1618, 1642, 1482, 298, 4.38%, 0, 14, 23, 618.58
1638695315, 12, 1618, 1643, 1483, 298, 4.38%, 0, 14, 23, 627.47
1638695320, 12, 1618, 1644, 1484, 298, 4.38%, 0, 14, 23, 633.20
1638695335, 12, 1618, 1645, 1485, 298, 4.38%, 0, 14, 23, 618.19
1638695350, 12, 1618, 1652, 1492, 298, 4.38%, 0, 14, 23, 617.36
1638695355, 12, 1618, 1662, 1502, 298, 4.38%, 0, 14, 23, 622.62
1638695361, 12, 1618, 1666, 1506, 298, 4.40%, 0, 14, 23, 623.68
1638695366, 12, 1633, 1672, 1511, 302, 4.44%, 0, 14, 23, 626.87
1638695381, 12, 1633, 1673, 1512, 302, 4.45%, 0, 14, 23, 636.22
1638695391, 12, 1633, 1674, 1513, 302, 4.45%, 0, 14, 23, 627.32
1638695416, 12, 1633, 1675, 1514, 302, 4.45%, 0, 14, 23, 596.13
1638695437, 12, 1633, 1684, 1523, 302, 4.49%, 0, 14, 23, 612.29
1638695442, 12, 1633, 1699, 1538, 302, 4.59%, 0, 14, 23, 627.52
1638695447, 12, 1633, 1700, 1539, 302, 4.59%, 0, 14, 23, 623.97
1638695452, 12, 1663, 1709, 1547, 312, 4.64%, 0, 14, 23, 621.13
1638695457, 12, 1663, 1714, 1552, 312, 4.68%, 0, 14, 23, 625.75
1638695478, 12, 1663, 1715, 1553, 312, 4.69%, 0, 14, 23, 612.19
1638695534, 12, 1663, 1716, 1554, 312, 4.70%, 0, 14, 23, 636.58
1638695539, 12, 1663, 1720, 1558, 312, 4.74%, 0, 14, 23, 640.37
1638695544, 12, 1693, 1742, 1579, 323, 4.78%, 0, 14, 23, 627.24
1638695549, 12, 1693, 1750, 1587, 323, 4.78%, 0, 14, 23, 634.58
1638695554, 12, 1693, 1751, 1588, 323, 4.78%, 0, 14, 23, 619.78
1638695559, 12, 1693, 1754, 1591, 323, 4.78%, 0, 14, 23, 622.69
1638695569, 12, 1693, 1757, 1594, 323, 4.78%, 0, 14, 23, 619.94
1638695574, 12, 1693, 1759, 1596, 323, 4.78%, 0, 14, 23, 625.12
1638695579, 12, 1693, 1761, 1598, 323, 4.78%, 0, 14, 23, 630.26
1638695584, 12, 1693, 1763, 1600, 323, 4.78%, 0, 14, 23, 620.44
1638695590, 12, 1693, 1764, 1601, 323, 4.78%, 0, 14, 23, 628.98
1638695595, 12, 1693, 1766, 1603, 323, 4.78%, 0, 14, 23, 633.74
1638695600, 12, 1693, 1767, 1604, 323, 4.78%, 0, 14, 23, 634.14
1638695605, 12, 1693, 1768, 1605, 323, 4.78%, 0, 14, 23, 628.87
1638695610, 12, 1695, 1774, 1610, 329, 4.81%, 0, 14, 23, 621.04
1638695666, 12, 1695, 1775, 1611, 329, 4.81%, 0, 14, 23, 611.37
1638695676, 12, 1695, 1778, 1614, 329, 4.82%, 0, 14, 23, 606.90
1638695681, 12, 1717, 1786, 1621, 331, 4.84%, 0, 14, 23, 618.00
1638695697, 12, 1717, 1787, 1622, 331, 4.84%, 0, 14, 23, 627.23
1638695707, 12, 1717, 1788, 1623, 331, 4.87%, 0, 14, 23, 613.47
1638695722, 12, 1717, 1789, 1624, 331, 4.87%, 0, 14, 23, 612.96
1638695737, 12, 1717, 1791, 1626, 331, 4.87%, 0, 14, 23, 612.49
1638695742, 12, 1717, 1793, 1628, 331, 4.89%, 0, 14, 23, 624.17
1638695747, 12, 1718, 1803, 1637, 334, 4.89%, 0, 14, 23, 622.19
1638695752, 12, 1718, 1806, 1640, 334, 4.89%, 0, 14, 23, 622.79
1638695773, 12, 1718, 1811, 1645, 334, 4.90%, 0, 14, 23, 623.51
1638695778, 12, 1718, 1812, 1646, 334, 4.91%, 0, 14, 23, 629.39
1638695783, 12, 1718, 1813, 1647, 334, 4.91%, 0, 14, 23, 634.51
1638695793, 12, 1718, 1814, 1648, 334, 4.91%, 0, 14, 23, 618.11
1638695798, 12, 1718, 1815, 1649, 334, 4.91%, 0, 14, 23, 611.96
1638695803, 12, 1718, 1816, 1650, 334, 4.93%, 0, 14, 23, 609.12
1638695813, 12, 1718, 1817, 1651, 334, 4.93%, 0, 14, 23, 628.46
1638695823, 12, 1718, 1818, 1652, 334, 4.93%, 0, 14, 23, 596.26
1638695828, 12, 1718, 1820, 1654, 334, 4.94%, 0, 14, 23, 623.51
1638695839, 12, 1724, 1832, 1665, 336, 5.00%, 0, 14, 23, 631.12
1638695844, 12, 1724, 1834, 1667, 336, 5.00%, 0, 14, 23, 615.12
1638695854, 12, 1724, 1835, 1668, 336, 5.00%, 0, 14, 23, 615.52
1638695864, 12, 1724, 1837, 1670, 336, 5.00%, 0, 14, 23, 612.76
1638695869, 12, 1724, 1838, 1671, 336, 5.00%, 0, 14, 23, 623.02
1638695874, 12, 1724, 1840, 1673, 336, 5.00%, 0, 14, 23, 613.43
1638695884, 12, 1724, 1841, 1674, 336, 5.00%, 0, 14, 23, 614.46
1638695894, 12, 1724, 1842, 1675, 336, 5.00%, 0, 14, 23, 634.92
1638695900, 12, 1724, 1846, 1679, 336, 5.02%, 0, 14, 23, 638.77
1638695905, 12, 1724, 1847, 1680, 336, 5.02%, 0, 14, 23, 631.98
1638695910, 12, 1787, 1854, 1686, 338, 5.07%, 0, 14, 23, 625.17
1638695925, 12, 1787, 1855, 1687, 338, 5.08%, 0, 14, 23, 625.94
1638695966, 12, 1787, 1856, 1688, 338, 5.08%, 0, 14, 23, 633.57
1638695971, 12, 1787, 1860, 1692, 338, 5.08%, 0, 14, 23, 619.04
1638695976, 12, 1787, 1861, 1693, 338, 5.08%, 0, 14, 23, 627.69
1638695981, 12, 1815, 1877, 1708, 341, 5.10%, 0, 14, 23, 618.79
1638695986, 12, 1815, 1883, 1714, 341, 5.10%, 0, 14, 23, 610.66
1638695991, 12, 1815, 1885, 1716, 341, 5.11%, 0, 14, 23, 605.01
1638695996, 12, 1815, 1886, 1717, 341, 5.11%, 0, 14, 23, 603.71
1638696001, 12, 1815, 1887, 1718, 341, 5.11%, 0, 14, 23, 577.74
1638696006, 12, 1815, 1889, 1720, 341, 5.11%, 0, 14, 23, 600.12
1638696017, 12, 1815, 1890, 1721, 341, 5.11%, 0, 14, 23, 630.92
1638696037, 12, 1815, 1891, 1722, 341, 5.11%, 0, 14, 23, 631.88
1638696042, 12, 1815, 1892, 1723, 341, 5.11%, 0, 14, 23, 627.22
1638696047, 12, 1815, 1894, 1725, 341, 5.13%, 0, 14, 23, 620.35
1638696052, 12, 1842, 1895, 1725, 352, 5.13%, 0, 14, 23, 611.90
1638696057, 12, 1842, 1913, 1743, 352, 5.15%, 0, 14, 23, 613.46
1638696062, 12, 1842, 1917, 1747, 352, 5.16%, 0, 14, 23, 594.86
1638696068, 12, 1842, 1919, 1749, 352, 5.16%, 0, 14, 23, 604.11
1638696073, 12, 1842, 1920, 1750, 352, 5.16%, 0, 14, 23, 602.98
1638696078, 12, 1842, 1922, 1752, 352, 5.16%, 0, 14, 23, 608.09
1638696083, 12, 1842, 1923, 1753, 352, 5.16%, 0, 14, 23, 612.11
1638696088, 12, 1842, 1924, 1754, 352, 5.16%, 0, 14, 23, 610.26
1638696093, 12, 1842, 1925, 1755, 352, 5.16%, 0, 14, 23, 600.97
1638696098, 12, 1842, 1928, 1758, 352, 5.16%, 0, 14, 23, 609.08
1638696103, 12, 1842, 1929, 1759, 352, 5.16%, 0, 14, 23, 607.74
1638696113, 12, 1842, 1934, 1764, 352, 5.17%, 0, 14, 23, 608.79
1638696118, 12, 1842, 1940, 1770, 352, 5.18%, 0, 14, 23, 615.05
1638696124, 12, 1842, 1942, 1772, 352, 5.18%, 0, 14, 23, 598.36
1638696129, 12, 1854, 1944, 1773, 359, 5.18%, 0, 14, 24, 618.77
1638696174, 12, 1854, 1945, 1774, 359, 5.18%, 0, 14, 24, 625.05
1638696180, 12, 1854, 1947, 1776, 359, 5.18%, 0, 14, 24, 623.41
1638696190, 12, 1931, 1951, 1779, 359, 5.19%, 0, 14, 24, 630.16
1638696195, 12, 1931, 1952, 1780, 359, 5.19%, 0, 14, 24, 634.95
1638696200, 12, 1931, 1953, 1781, 359, 5.19%, 0, 14, 24, 636.39
1638696205, 12, 1931, 1954, 1782, 359, 5.19%, 0, 14, 24, 624.77
1638696210, 12, 1931, 1955, 1783, 359, 5.19%, 0, 14, 24, 626.55
1638696216, 12, 1931, 1957, 1785, 359, 5.19%, 0, 14, 24, 620.92
1638696226, 12, 1931, 1958, 1786, 359, 5.19%, 0, 14, 24, 609.01
1638696241, 12, 1931, 1960, 1788, 359, 5.20%, 0, 14, 24, 612.47
1638696246, 12, 1931, 1962, 1790, 359, 5.21%, 0, 14, 24, 626.08
1638696251, 12, 1931, 1963, 1791, 359, 5.21%, 0, 14, 24, 630.94
1638696256, 12, 1940, 1969, 1796, 360, 5.21%, 0, 14, 24, 629.18
1638696261, 12, 1940, 1970, 1797, 360, 5.21%, 0, 14, 24, 628.76
1638696317, 12, 1940, 1973, 1800, 360, 5.21%, 0, 14, 24, 615.51
1638696322, 12, 1958, 1975, 1801, 360, 5.21%, 0, 14, 25, 622.94
1638696337, 12, 1958, 1976, 1802, 360, 5.21%, 0, 14, 25, 606.37
1638696358, 12, 1958, 1977, 1803, 360, 5.21%, 0, 14, 25, 605.53
1638696394, 12, 1958, 1982, 1808, 360, 5.22%, 0, 14, 25, 614.66
1638696399, 12, 1958, 1985, 1811, 360, 5.22%, 0, 14, 25, 626.06
1638696404, 12, 1984, 1986, 1811, 365, 5.22%, 0, 14, 26, 613.78
1638696409, 12, 1984, 1987, 1812, 365, 5.22%, 0, 14, 26, 620.50
1638696414, 12, 1984, 1988, 1813, 365, 5.23%, 0, 14, 26, 626.54
1638696460, 12, 1984, 1989, 1814, 365, 5.25%, 0, 14, 26, 641.58
1638696470, 12, 1988, 1995, 1819, 363, 5.33%, 0, 14, 27, 617.76
1638696475, 12, 1988, 1996, 1820, 363, 5.33%, 0, 14, 27, 610.95
1638696531, 12, 1988, 1999, 1823, 363, 5.37%, 0, 14, 27, 614.84
1638696536, 12, 1988, 2000, 1824, 363, 5.37%, 0, 14, 27, 618.53
1638696541, 12, 1991, 2009, 1832, 370, 5.50%, 0, 14, 28, 595.72
1638696577, 12, 1991, 2011, 1834, 370, 5.50%, 0, 14, 28, 609.28
1638696597, 12, 1991, 2012, 1835, 370, 5.50%, 0, 14, 28, 607.14
1638696602, 12, 1991, 2015, 1838, 370, 5.51%, 0, 14, 28, 601.12
1638696607, 12, 1991, 2016, 1839, 370, 5.51%, 0, 14, 28, 613.78
1638696612, 12, 2011, 2021, 1843, 376, 5.51%, 0, 14, 29, 609.68
1638696653, 12, 2011, 2023, 1845, 376, 5.53%, 0, 14, 29, 587.23
1638696659, 12, 2011, 2024, 1846, 376, 5.53%, 0, 14, 29, 590.43
1638696684, 12, 2011, 2026, 1848, 376, 5.55%, 0, 14, 29, 602.13
1638696689, 12, 2011, 2027, 1849, 376, 5.55%, 0, 14, 29, 596.96
1638696705, 12, 2011, 2034, 1856, 376, 5.58%, 0, 14, 29, 603.48
1638696710, 12, 2011, 2047, 1869, 376, 5.60%, 0, 14, 29, 612.63
1638696715, 12, 2011, 2049, 1871, 376, 5.60%, 0, 14, 29, 627.58
1638696720, 12, 2028, 2049, 1870, 388, 5.60%, 0, 14, 29, 634.29
1638696740, 12, 2028, 2050, 1871, 388, 5.60%, 0, 14, 30, 627.87
1638696787, 12, 2028, 2055, 1876, 388, 5.61%, 0, 14, 30, 599.06
1638696792, 12, 2028, 2058, 1879, 388, 5.62%, 0, 14, 30, 607.48
1638696797, 12, 2028, 2061, 1882, 388, 5.62%, 0, 14, 30, 610.70
1638696802, 12, 2048, 2081, 1901, 391, 5.64%, 0, 14, 30, 612.36
1638696807, 12, 2048, 2082, 1902, 391, 5.64%, 0, 14, 30, 606.40
1638696817, 12, 2048, 2084, 1904, 391, 5.64%, 0, 14, 30, 594.43
1638696822, 12, 2048, 2085, 1905, 391, 5.64%, 0, 14, 30, 596.26
1638696848, 12, 2048, 2087, 1907, 391, 5.64%, 0, 14, 30, 616.21
1638696858, 12, 2048, 2090, 1910, 391, 5.64%, 0, 14, 30, 620.15
1638696868, 12, 2048, 2099, 1919, 391, 5.65%, 0, 14, 30, 619.25
1638696873, 12, 2057, 2103, 1922, 396, 5.65%, 0, 14, 31, 609.43
1638696878, 12, 2057, 2106, 1925, 396, 5.65%, 0, 14, 31, 598.15
1638696899, 12, 2057, 2107, 1926, 396, 5.66%, 0, 14, 31, 602.79
1638696904, 12, 2057, 2108, 1927, 396, 5.66%, 0, 14, 31, 588.83
1638696934, 12, 2057, 2109, 1928, 396, 5.66%, 0, 14, 31, 611.22
1638696944, 12, 2093, 2121, 1939, 397, 5.66%, 0, 14, 31, 610.23
1638696950, 12, 2093, 2124, 1942, 397, 5.66%, 0, 14, 31, 598.95
1638696955, 12, 2093, 2125, 1943, 397, 5.66%, 0, 14, 31, 586.01
1638696960, 12, 2093, 2126, 1944, 397, 5.66%, 0, 14, 31, 594.33
1638696965, 12, 2093, 2129, 1947, 397, 5.66%, 0, 14, 31, 588.35
1638696975, 12, 2093, 2130, 1948, 397, 5.66%, 0, 14, 31, 608.37
1638696980, 12, 2093, 2131, 1949, 397, 5.66%, 0, 14, 31, 607.70
1638696996, 12, 2093, 2133, 1951, 397, 5.66%, 0, 14, 31, 615.20
1638697006, 12, 2093, 2140, 1958, 397, 5.66%, 0, 14, 31, 609.59
1638697016, 12, 2093, 2145, 1963, 397, 5.66%, 0, 14, 31, 616.46
1638697021, 12, 2107, 2149, 1966, 400, 5.66%, 0, 14, 32, 572.25
1638697026, 12, 2107, 2152, 1969, 400, 5.66%, 0, 14, 32, 577.30
1638697439, 12, 2107, 2153, 1970, 400, 5.66%, 0, 14, 32, 558.55
1638697470, 12, 2107, 2154, 1971, 400, 5.66%, 0, 14, 32, 562.61
1638697480, 12, 2107, 2155, 1972, 400, 5.66%, 0, 14, 32, 577.79
1638697500, 12, 2107, 2156, 1973, 400, 5.66%, 0, 14, 32, 615.19
1638697505, 12, 2107, 2158, 1975, 400, 5.66%, 0, 14, 32, 605.65
1638697510, 13, 1334, 2159, 1975, 400, 5.66%, 0, 14, 32, 623.30
1638697516, 13, 1334, 2163, 1979, 400, 5.66%, 0, 14, 32, 605.02
1638697521, 13, 1334, 2166, 1982, 400, 5.66%, 0, 15, 32, 91.89
1638697552, 13, 1334, 2167, 1983, 400, 5.66%, 0, 15, 32, 251.41
1638697557, 13, 1334, 2169, 1985, 400, 5.66%, 0, 15, 32, 329.02
1638697562, 13, 1334, 2170, 1986, 400, 5.66%, 0, 15, 32, 341.01
1638697568, 13, 1334, 2171, 1987, 400, 5.66%, 0, 15, 32, 355.12
1638697573, 13, 1334, 2172, 1988, 400, 5.66%, 0, 15, 32, 366.12
1638697578, 13, 1334, 2173, 1989, 400, 5.66%, 0, 15, 32, 352.27
1638697583, 13, 1334, 2174, 1990, 400, 5.66%, 0, 15, 32, 359.15
1638697593, 13, 1334, 2175, 1991, 400, 5.66%, 0, 15, 32, 328.11
1638697598, 13, 1334, 2176, 1992, 400, 5.66%, 0, 15, 32, 344.56
1638697613, 13, 1334, 2177, 1993, 400, 5.66%, 0, 15, 32, 374.87
1638697618, 13, 1334, 2178, 1994, 400, 5.66%, 0, 15, 32, 364.51
1638697623, 13, 1334, 2179, 1995, 400, 5.66%, 0, 15, 32, 363.89
1638697634, 13, 1334, 2181, 1997, 400, 5.66%, 0, 15, 32, 353.35
1638697645, 13, 1334, 2181, 1997, 400, 5.66%, 0, 16, 32, 17.66
1638697650, 13, 1334, 2181, 1997, 400, 5.66%, 0, 19, 32, 77.63
1638697655, 13, 1334, 2181, 1997, 400, 5.66%, 0, 22, 32, 5.53
1638697661, 13, 1334, 2184, 2000, 400, 5.66%, 0, 24, 32, 78.42
1638697666, 13, 1334, 2184, 2000, 400, 5.66%, 0, 27, 32, 7.98
1638697671, 13, 1334, 2184, 2000, 400, 5.66%, 0, 30, 32, 74.07
1638697676, 13, 1334, 2184, 2000, 400, 5.66%, 0, 33, 32, 576.05
1638697682, 13, 1334, 2185, 2001, 400, 5.66%, 0, 33, 32, 477.85
1638697687, 13, 1334, 2188, 2004, 400, 5.67%, 0, 33, 32, 514.11
1638697692, 13, 1334, 2195, 2011, 400, 5.67%, 0, 34, 32, 519.25
1638697697, 13, 2185, 2199, 2014, 400, 5.67%, 0, 34, 32, 576.00
1638697737, 13, 2187, 2199, 2013, 399, 5.67%, 0, 34, 32, 621.10
1638697834, 13, 2187, 2204, 2018, 399, 5.68%, 0, 34, 32, 608.82
1638697840, 13, 2187, 2205, 2019, 399, 5.68%, 0, 36, 32, 44.67
1638697845, 13, 2192, 2206, 2019, 398, 5.68%, 0, 36, 32, 593.20
1638697850, 13, 2192, 2208, 2021, 398, 5.68%, 0, 36, 32, 610.94
1638697855, 13, 2192, 2209, 2022, 398, 5.68%, 0, 36, 32, 613.74
1638697860, 13, 2192, 2210, 2023, 398, 5.68%, 0, 36, 32, 621.47
1638697906, 13, 2192, 2212, 2025, 398, 5.68%, 0, 38, 32, 626.05
1638697921, 13, 2200, 2216, 2028, 399, 5.68%, 0, 38, 32, 598.68
1638697926, 13, 2200, 2219, 2031, 399, 5.68%, 0, 38, 32, 592.77
1638697937, 13, 2200, 2223, 2035, 399, 5.68%, 0, 38, 32, 608.40
1638697952, 13, 2200, 2224, 2036, 399, 5.68%, 0, 38, 32, 604.23
1638697957, 13, 2200, 2225, 2037, 399, 5.68%, 0, 38, 32, 610.53
1638697967, 13, 2200, 2226, 2038, 399, 5.68%, 0, 38, 32, 610.66
1638697982, 13, 2200, 2227, 2039, 399, 5.69%, 0, 38, 32, 607.46
1638697992, 13, 2209, 2229, 2040, 399, 5.71%, 0, 38, 32, 618.17
1638698089, 13, 2209, 2231, 2042, 399, 5.71%, 0, 38, 32, 627.54
1638698119, 13, 2209, 2232, 2043, 399, 5.71%, 0, 38, 32, 607.84
1638698150, 13, 2209, 2233, 2044, 399, 5.71%, 0, 38, 32, 576.28
1638698155, 13, 2226, 2235, 2045, 399, 5.72%, 0, 38, 32, 571.17
1638698160, 13, 2226, 2236, 2046, 399, 5.72%, 0, 38, 32, 572.34
1638698165, 13, 2226, 2237, 2047, 399, 5.72%, 0, 38, 32, 568.89
1638698180, 13, 2226, 2238, 2048, 399, 5.72%, 0, 38, 32, 559.25
1638698215, 13, 2226, 2239, 2049, 399, 5.72%, 0, 38, 32, 629.34
1638698221, 13, 2226, 2240, 2050, 399, 5.72%, 0, 38, 32, 626.79
1638698226, 13, 2226, 2247, 2057, 399, 5.72%, 0, 38, 32, 616.65
1638698231, 13, 2231, 2248, 2057, 401, 5.72%, 0, 38, 32, 618.35
1638698328, 13, 2231, 2249, 2058, 401, 5.72%, 0, 38, 32, 609.90
1638698384, 13, 2231, 2251, 2060, 401, 5.72%, 0, 38, 32, 564.87
1638698389, 13, 2231, 2252, 2061, 401, 5.72%, 0, 38, 32, 560.92
1638698399, 13, 2233, 2256, 2064, 401, 5.73%, 0, 38, 32, 571.82
1638698414, 13, 2233, 2257, 2065, 401, 5.74%, 0, 38, 32, 567.57
1638698429, 13, 2233, 2258, 2066, 401, 5.74%, 0, 38, 32, 592.05
1638698440, 13, 2233, 2259, 2067, 401, 5.74%, 0, 38, 32, 610.24
1638698450, 13, 2233, 2260, 2068, 401, 5.75%, 0, 38, 32, 603.90
1638698455, 13, 2233, 2262, 2070, 401, 5.75%, 0, 38, 32, 604.46
1638698460, 13, 2233, 2265, 2073, 401, 5.75%, 0, 38, 32, 617.79
1638698465, 13, 2233, 2268, 2076, 401, 5.76%, 0, 38, 32, 594.60
1638698470, 13, 2233, 2272, 2080, 401, 5.76%, 0, 38, 32, 608.93
1638698475, 13, 2247, 2272, 2079, 407, 5.76%, 0, 38, 32, 601.42
1638698582, 13, 2247, 2273, 2080, 407, 5.76%, 0, 38, 32, 550.15
1638698643, 13, 2247, 2274, 2081, 407, 5.76%, 0, 38, 32, 582.78
1638698648, 13, 2257, 2279, 2085, 407, 5.78%, 0, 38, 32, 586.02
1638698709, 13, 2257, 2281, 2087, 407, 5.79%, 0, 38, 32, 564.86
1638698719, 13, 2259, 2282, 2087, 410, 5.79%, 0, 38, 32, 570.90
1638698725, 13, 2259, 2285, 2090, 410, 5.80%, 0, 38, 32, 564.68
1638698730, 13, 2259, 2286, 2091, 410, 5.80%, 0, 38, 32, 577.98
1638698781, 13, 2259, 2288, 2093, 410, 5.80%, 0, 38, 32, 602.80
1638698786, 13, 2259, 2289, 2094, 410, 5.80%, 0, 38, 32, 613.49
1638698791, 13, 2263, 2290, 2094, 411, 5.81%, 0, 38, 32, 615.73
1638698796, 13, 2263, 2291, 2095, 411, 5.81%, 0, 38, 32, 620.67
1638698857, 13, 2263, 2292, 2096, 411, 5.82%, 0, 38, 32, 547.01
1638698862, 13, 2263, 2293, 2097, 411, 5.82%, 0, 38, 32, 570.25
1638698867, 13, 2274, 2294, 2097, 413, 5.82%, 0, 38, 32, 569.57
1638698893, 13, 2274, 2295, 2098, 413, 5.82%, 0, 38, 32, 571.54
1638698928, 13, 2274, 2296, 2099, 413, 5.82%, 0, 38, 32, 595.45
1638698938, 13, 2280, 2299, 2101, 413, 5.84%, 0, 38, 32, 599.69
1638698949, 13, 2280, 2300, 2102, 413, 5.84%, 0, 38, 32, 599.28
1638698954, 13, 2280, 2301, 2103, 413, 5.84%, 0, 38, 32, 607.78
1638698964, 13, 2280, 2302, 2104, 413, 5.84%, 0, 38, 32, 587.28
1638699020, 13, 2289, 2303, 2104, 417, 5.85%, 0, 38, 32, 590.09
1638699025, 13, 2289, 2304, 2105, 417, 5.85%, 0, 38, 32, 608.38
1638699030, 13, 2289, 2305, 2106, 417, 5.85%, 0, 38, 32, 617.20
1638699086, 13, 2292, 2307, 2107, 419, 5.85%, 0, 38, 32, 611.56
1638699096, 13, 2292, 2308, 2108, 419, 5.85%, 0, 38, 32, 604.12
1638699101, 13, 2292, 2309, 2109, 419, 5.85%, 0, 38, 32, 600.15
1638699147, 13, 2292, 2310, 2110, 419, 5.85%, 0, 38, 32, 618.27
1638699157, 13, 2292, 2313, 2113, 419, 5.85%, 0, 38, 32, 615.38
1638699162, 13, 2295, 2313, 2112, 420, 5.85%, 0, 38, 32, 615.99
1638699198, 13, 2295, 2317, 2116, 420, 5.85%, 0, 38, 32, 632.89
1638699203, 13, 2304, 2320, 2118, 419, 5.91%, 0, 38, 32, 628.96
1638699208, 13, 2304, 2328, 2126, 419, 5.96%, 0, 38, 32, 616.99
1638699213, 13, 2304, 2333, 2131, 419, 5.96%, 0, 38, 32, 605.55
1638699218, 13, 2304, 2334, 2132, 419, 5.97%, 0, 38, 32, 616.73
1638699223, 13, 2304, 2335, 2133, 419, 5.97%, 0, 38, 32, 607.40
1638699234, 13, 2304, 2336, 2134, 419, 5.97%, 0, 38, 32, 584.18
1638699259, 13, 2304, 2337, 2135, 419, 5.97%, 0, 38, 32, 586.40
1638699265, 13, 2304, 2339, 2137, 419, 5.97%, 0, 38, 32, 586.87
1638699275, 13, 2337, 2340, 2137, 433, 5.97%, 0, 38, 32, 587.14
1638699280, 13, 2337, 2341, 2138, 433, 5.97%, 0, 38, 32, 588.26
1638699331, 13, 2337, 2343, 2140, 433, 5.97%, 0, 38, 32, 594.40
1638699337, 13, 2337, 2348, 2145, 433, 5.98%, 0, 40, 32, 79.86
1638699347, 13, 2337, 2352, 2149, 433, 5.98%, 0, 40, 32, 577.34
1638699352, 13, 2343, 2354, 2150, 435, 5.98%, 0, 40, 32, 588.53
1638699357, 13, 2343, 2356, 2152, 435, 5.99%, 0, 40, 32, 593.21
1638699362, 13, 2343, 2357, 2153, 435, 5.99%, 0, 40, 32, 566.04
1638699373, 13, 2343, 2358, 2154, 435, 6.00%, 0, 40, 32, 586.72
1638699388, 13, 2343, 2359, 2155, 435, 6.00%, 0, 40, 32, 590.35
1638699398, 13, 2343, 2361, 2157, 435, 6.00%, 0, 40, 32, 592.22
1638699403, 13, 2343, 2363, 2159, 435, 6.00%, 0, 40, 32, 586.93
1638699409, 13, 2343, 2364, 2160, 435, 6.00%, 0, 40, 32, 589.55
1638699424, 13, 2343, 2365, 2161, 435, 6.01%, 0, 40, 32, 578.40
1638699429, 13, 2343, 2370, 2166, 435, 6.03%, 0, 40, 32, 592.98
1638699434, 13, 2343, 2371, 2167, 435, 6.03%, 0, 40, 32, 593.59
1638699439, 13, 2362, 2377, 2172, 441, 6.03%, 0, 40, 32, 596.45
1638699444, 13, 2362, 2380, 2175, 441, 6.03%, 0, 40, 32, 597.11
1638699450, 13, 2362, 2385, 2180, 441, 6.04%, 0, 40, 32, 579.17
1638699455, 13, 2362, 2389, 2184, 441, 6.04%, 0, 40, 32, 586.31
1638699460, 13, 2362, 2390, 2185, 441, 6.04%, 0, 40, 32, 566.31
1638699481, 13, 2362, 2391, 2186, 441, 6.04%, 0, 40, 32, 584.01
1638699486, 13, 2362, 2392, 2187, 441, 6.04%, 0, 40, 32, 576.30
1638699506, 13, 2362, 2393, 2188, 441, 6.04%, 0, 40, 32, 579.45
1638699516, 13, 2362, 2396, 2191, 441, 6.04%, 0, 40, 32, 581.98
1638699521, 13, 2364, 2396, 2190, 448, 6.04%, 0, 40, 32, 580.75
1638699603, 13, 2364, 2397, 2191, 448, 6.04%, 0, 40, 32, 550.33
1638699669, 14, 1376, 2397, 2190, 447, 6.04%, 0, 40, 32, 557.84
1638699674, 14, 1376, 2398, 2191, 447, 6.04%, 0, 40, 32, 573.40
1638699679, 14, 1376, 2399, 2192, 447, 6.04%, 0, 40, 32, 582.72
1638699684, 14, 1376, 2400, 2193, 447, 6.04%, 0, 40, 32, 581.19
1638699735, 14, 1376, 2401, 2194, 447, 6.04%, 0, 40, 32, 568.36
1638699745, 14, 1376, 2402, 2195, 447, 6.05%, 0, 40, 32, 584.19
1638699750, 14, 2401, 2406, 2198, 449, 6.06%, 0, 40, 32, 567.37
1638699781, 14, 2401, 2407, 2199, 449, 6.07%, 0, 40, 32, 568.39
1638699791, 14, 2401, 2408, 2200, 449, 6.07%, 0, 40, 32, 571.39
1638699832, 14, 2401, 2411, 2203, 449, 6.08%, 0, 40, 32, 572.15
1638699837, 14, 2401, 2412, 2204, 449, 6.08%, 0, 40, 32, 571.56
1638699842, 14, 2410, 2416, 2207, 455, 6.09%, 0, 40, 32, 546.97
1638699847, 14, 2410, 2428, 2219, 455, 6.10%, 0, 40, 32, 562.83
1638699852, 14, 2410, 2429, 2220, 455, 6.10%, 0, 40, 32, 565.41
1638699908, 14, 2410, 2431, 2222, 455, 6.10%, 0, 40, 32, 573.34
1638699913, 14, 2410, 2433, 2224, 455, 6.10%, 0, 40, 32, 581.01
1638699918, 14, 2410, 2435, 2226, 455, 6.11%, 0, 40, 32, 581.86
1638699923, 14, 2411, 2435, 2225, 460, 6.11%, 0, 40, 32, 573.82
1638699938, 14, 2411, 2436, 2226, 460, 6.11%, 0, 40, 32, 567.90
1638699943, 14, 2411, 2437, 2227, 460, 6.11%, 0, 40, 32, 561.66
1638699949, 14, 2411, 2438, 2228, 460, 6.11%, 0, 40, 32, 565.69
1638699954, 14, 2411, 2439, 2229, 460, 6.11%, 0, 40, 32, 564.34
1638700000, 14, 2411, 2443, 2233, 460, 6.11%, 0, 40, 32, 570.84
1638700005, 14, 2411, 2446, 2236, 460, 6.11%, 0, 40, 32, 573.84
1638700010, 14, 2412, 2448, 2237, 460, 6.11%, 0, 40, 32, 578.59
1638700030, 14, 2412, 2450, 2239, 460, 6.13%, 0, 40, 32, 574.81
1638700035, 14, 2412, 2451, 2240, 460, 6.13%, 0, 40, 32, 576.83
1638700050, 14, 2412, 2452, 2241, 460, 6.13%, 0, 40, 32, 577.89
1638700065, 14, 2412, 2453, 2242, 460, 6.13%, 0, 40, 32, 572.14
1638700085, 14, 2412, 2460, 2249, 460, 6.16%, 0, 40, 32, 566.11
1638700100, 14, 2433, 2463, 2251, 463, 6.16%, 0, 40, 32, 581.07
1638700116, 14, 2433, 2464, 2252, 463, 6.16%, 0, 40, 32, 580.55
1638700126, 14, 2433, 2465, 2253, 463, 6.16%, 0, 40, 32, 581.47
1638700157, 14, 2433, 2468, 2256, 463, 6.16%, 0, 40, 32, 611.92
1638700162, 14, 2433, 2469, 2257, 463, 6.16%, 0, 40, 32, 549.78
1638700167, 14, 2433, 2470, 2258, 463, 6.16%, 0, 40, 32, 600.68
1638700172, 14, 2434, 2471, 2258, 465, 6.16%, 0, 40, 32, 611.00
1638700177, 14, 2434, 2472, 2259, 465, 6.16%, 0, 40, 32, 607.57
1638700238, 14, 2454, 2472, 2258, 464, 6.16%, 0, 40, 32, 588.20
1638700243, 14, 2454, 2473, 2259, 464, 6.16%, 0, 40, 32, 577.75
1638700248, 14, 2454, 2474, 2260, 464, 6.16%, 0, 40, 32, 575.69
1638700273, 14, 2454, 2475, 2261, 464, 6.16%, 0, 40, 32, 581.54
1638700294, 14, 2454, 2476, 2262, 464, 6.17%, 0, 40, 32, 578.06
1638700304, 14, 2454, 2479, 2265, 464, 6.17%, 0, 40, 32, 579.14
1638700314, 14, 2475, 2479, 2264, 465, 6.17%, 0, 40, 32, 597.86
1638700319, 14, 2475, 2484, 2269, 465, 6.17%, 0, 40, 32, 575.72
1638700324, 14, 2475, 2485, 2270, 465, 6.18%, 0, 40, 32, 567.34
1638700339, 14, 2475, 2486, 2271, 465, 6.18%, 0, 40, 32, 572.04
1638700385, 14, 2475, 2487, 2272, 465, 6.18%, 0, 40, 32, 582.84
1638700390, 14, 2477, 2487, 2271, 465, 6.18%, 0, 40, 32, 596.45
1638700395, 14, 2477, 2488, 2272, 465, 6.18%, 0, 40, 32, 601.53
1638700452, 14, 2477, 2489, 2273, 465, 6.18%, 0, 40, 32, 596.10
1638700457, 14, 2477, 2491, 2275, 465, 6.18%, 0, 40, 32, 601.33
1638700462, 14, 2484, 2496, 2279, 464, 6.19%, 0, 40, 32, 585.63
1638700467, 14, 2484, 2503, 2286, 464, 6.19%, 0, 40, 32, 571.18
1638700477, 14, 2484, 2505, 2288, 464, 6.19%, 0, 40, 32, 561.63
1638700482, 14, 2484, 2506, 2289, 464, 6.20%, 0, 40, 32, 562.82
1638700487, 14, 2484, 2507, 2290, 464, 6.20%, 0, 40, 32, 534.14
1638700508, 14, 2484, 2508, 2291, 464, 6.20%, 0, 40, 32, 560.21
1638700538, 14, 2505, 2508, 2290, 467, 6.20%, 0, 40, 32, 582.01
1638700544, 14, 2505, 2509, 2291, 467, 6.20%, 0, 40, 32, 572.56
1638700549, 14, 2505, 2512, 2294, 467, 6.20%, 0, 40, 32, 550.24
1638700554, 14, 2505, 2515, 2297, 467, 6.20%, 0, 40, 32, 545.00
1638700559, 14, 2505, 2516, 2298, 467, 6.20%, 0, 40, 32, 546.77
1638700564, 14, 2505, 2517, 2299, 467, 6.20%, 0, 40, 32, 536.05
1638700569, 14, 2505, 2518, 2300, 467, 6.20%, 0, 40, 32, 542.31
1638700615, 14, 2505, 2521, 2303, 467, 6.21%, 0, 40, 32, 576.31
1638700621, 14, 2518, 2521, 2302, 467, 6.21%, 0, 40, 32, 579.33
1638700631, 14, 2518, 2522, 2303, 467, 6.21%, 0, 40, 32, 555.15
1638700646, 14, 2518, 2523, 2304, 467, 6.21%, 0, 40, 32, 541.43
1638700666, 14, 2518, 2524, 2305, 467, 6.21%, 0, 40, 32, 548.72
1638700671, 14, 2518, 2525, 2306, 467, 6.21%, 0, 40, 32, 547.95
1638700682, 14, 2518, 2526, 2307, 467, 6.21%, 0, 40, 32, 525.84
1638700687, 14, 2518, 2527, 2308, 467, 6.21%, 0, 40, 32, 543.17
1638700697, 14, 2518, 2528, 2309, 467, 6.21%, 0, 40, 32, 600.27
1638700702, 14, 2518, 2529, 2310, 467, 6.21%, 0, 40, 32, 600.03
1638700707, 14, 2520, 2529, 2309, 466, 6.21%, 0, 40, 32, 603.34
1638700723, 14, 2520, 2531, 2311, 466, 6.21%, 0, 40, 32, 589.80
1638700830, 14, 2530, 2532, 2311, 467, 6.21%, 0, 40, 32, 609.45
1638700953, 15, 1417, 2533, 2311, 466, 6.23%, 0, 40, 32, 580.05
1638700969, 15, 1417, 2534, 2312, 466, 6.23%, 0, 40, 32, 601.13
1638701004, 15, 1417, 2535, 2313, 466, 6.23%, 0, 40, 32, 592.30
1638701025, 15, 2532, 2535, 2312, 466, 6.23%, 0, 40, 32, 586.80
1638701066, 16, 1484, 2536, 2312, 465, 6.23%, 0, 40, 32, 590.00
1638701096, 16, 1617, 2539, 2314, 464, 6.23%, 0, 40, 32, 578.43
1638701107, 16, 1617, 2541, 2316, 464, 6.23%, 0, 40, 32, 564.71
1638701112, 16, 1617, 2542, 2317, 464, 6.23%, 0, 40, 32, 565.20
1638701122, 16, 1617, 2543, 2318, 464, 6.23%, 0, 40, 32, 564.64
1638701132, 16, 1617, 2544, 2319, 464, 6.23%, 0, 40, 32, 558.59
1638701138, 16, 1617, 2545, 2320, 464, 6.23%, 0, 40, 32, 559.24
1638701148, 16, 1617, 2550, 2325, 464, 6.23%, 0, 40, 32, 573.97
1638701153, 16, 1645, 2551, 2325, 466, 6.23%, 0, 40, 32, 602.80
1638701203, 16, 1645, 2552, 2326, 466, 6.23%, 0, 40, 32, 619.61
1638701214, 16, 1775, 2553, 2326, 465, 6.23%, 0, 40, 32, 589.67
1638701229, 16, 1775, 2554, 2327, 465, 6.24%, 0, 40, 32, 554.66
1638701234, 16, 1775, 2556, 2329, 465, 6.24%, 0, 40, 32, 570.97
1638701270, 16, 1775, 2559, 2332, 465, 6.24%, 0, 40, 32, 579.06
1638701280, 16, 1892, 2560, 2332, 466, 6.24%, 0, 40, 32, 614.29
1638701321, 16, 1893, 2561, 2332, 466, 6.24%, 0, 40, 32, 631.70
1638701326, 16, 1893, 2564, 2335, 466, 6.28%, 0, 42, 32, 611.54
1638701372, 16, 1893, 2564, 2335, 466, 6.28%, 0, 43, 32, 2.93
1638701377, 16, 1893, 2564, 2335, 466, 6.28%, 0, 45, 32, 89.37
1638701393, 16, 1893, 2564, 2335, 466, 6.28%, 0, 46, 32, 47.16
1638701398, 16, 2214, 2564, 2334, 469, 6.28%, 0, 46, 32, 563.87
1638701403, 16, 2214, 2565, 2335, 469, 6.28%, 0, 46, 32, 558.56
1638701408, 16, 2214, 2568, 2338, 469, 6.28%, 0, 46, 32, 559.01
1638701413, 16, 2214, 2569, 2339, 469, 6.28%, 0, 46, 32, 560.13
1638701433, 16, 2214, 2570, 2340, 469, 6.28%, 0, 46, 32, 570.23
1638701438, 16, 2214, 2571, 2341, 469, 6.28%, 0, 46, 32, 591.52
1638701464, 16, 2214, 2572, 2342, 469, 6.28%, 0, 46, 32, 609.13
1638701474, 16, 2273, 2572, 2341, 468, 6.28%, 0, 47, 32, 629.92
1638701484, 16, 2273, 2573, 2342, 468, 6.28%, 0, 47, 32, 634.10
1638701556, 16, 2299, 2574, 2342, 467, 6.28%, 0, 47, 32, 585.68
1638701561, 16, 2299, 2575, 2343, 467, 6.28%, 0, 47, 32, 590.62
1638701597, 16, 2299, 2577, 2345, 467, 6.28%, 0, 47, 32, 596.87
1638701607, 16, 2340, 2578, 2345, 467, 6.28%, 0, 47, 32, 604.73
1638701668, 16, 2340, 2580, 2347, 467, 6.28%, 0, 47, 32, 603.28
1638701673, 16, 2529, 2580, 2346, 466, 6.28%, 0, 47, 32, 606.75
1638701684, 16, 2529, 2581, 2347, 466, 6.28%, 0, 47, 32, 597.24
1638701694, 16, 2529, 2583, 2349, 466, 6.29%, 0, 47, 32, 596.53
1638701786, 16, 2529, 2584, 2350, 466, 6.29%, 0, 47, 32, 612.86
1638701796, 16, 2529, 2585, 2351, 466, 6.29%, 0, 47, 32, 594.60
1638701801, 16, 2581, 2587, 2352, 468, 6.29%, 0, 47, 32, 585.29
1638701914, 16, 2581, 2591, 2356, 468, 6.31%, 0, 47, 32, 606.63
1638701924, 16, 2582, 2592, 2356, 470, 6.31%, 0, 47, 32, 603.28
1638701944, 16, 2582, 2593, 2357, 470, 6.31%, 0, 47, 32, 579.62
1638702051, 16, 2582, 2597, 2361, 470, 6.31%, 0, 47, 32, 593.31
1638702056, 16, 2592, 2597, 2360, 470, 6.31%, 0, 47, 32, 594.22
1638702169, 16, 2592, 2599, 2362, 470, 6.31%, 0, 47, 32, 589.94
1638702179, 17, 2560, 2605, 2367, 469, 6.31%, 0, 47, 32, 567.53
1638702184, 17, 2560, 2607, 2369, 469, 6.31%, 0, 47, 32, 540.81
1638702204, 17, 2560, 2608, 2370, 469, 6.31%, 0, 47, 32, 555.55
1638702260, 17, 2560, 2609, 2371, 469, 6.31%, 0, 47, 32, 543.02
1638702266, 17, 2560, 2610, 2372, 469, 6.31%, 0, 47, 32, 556.20
1638702271, 17, 2560, 2614, 2376, 469, 6.31%, 0, 47, 32, 550.71
1638702276, 17, 2588, 2615, 2376, 470, 6.31%, 0, 47, 32, 569.30
1638702332, 17, 2588, 2621, 2382, 470, 6.31%, 0, 47, 32, 584.34
1638702337, 17, 2588, 2624, 2385, 470, 6.31%, 0, 47, 32, 592.77
1638702342, 17, 2588, 2629, 2390, 470, 6.31%, 0, 47, 32, 581.14
1638702347, 17, 2588, 2630, 2391, 470, 6.31%, 0, 48, 32, 590.52
1638702352, 17, 2624, 2631, 2391, 470, 6.35%, 0, 48, 32, 593.69
1638702358, 17, 2624, 2632, 2392, 470, 6.35%, 0, 48, 32, 600.36
1638702424, 18, 1074, 2633, 2392, 471, 6.35%, 0, 48, 32, 581.92
1638702449, 18, 1074, 2634, 2393, 471, 6.35%, 0, 48, 32, 598.02
1638702454, 18, 1436, 2634, 2392, 471, 6.35%, 0, 48, 32, 596.92
1638702459, 18, 1436, 2635, 2393, 471, 6.35%, 0, 48, 32, 600.88
1638702490, 18, 1436, 2636, 2394, 471, 6.35%, 0, 48, 32, 603.93
1638702520, 18, 1436, 2639, 2397, 471, 6.35%, 0, 48, 32, 602.80
1638702525, 18, 1804, 2640, 2397, 471, 6.35%, 0, 48, 32, 590.28
1638702577, 18, 1804, 2642, 2399, 471, 6.35%, 0, 48, 32, 613.46
1638702587, 18, 1982, 2642, 2398, 470, 6.35%, 0, 48, 32, 602.60
1638702592, 18, 1982, 2644, 2400, 470, 6.35%, 0, 48, 32, 607.43
1638702628, 18, 1982, 2645, 2401, 470, 6.35%, 0, 48, 32, 598.55
1638702648, 18, 1982, 2651, 2407, 470, 6.35%, 0, 48, 32, 600.33
1638702653, 18, 1982, 2653, 2409, 470, 6.35%, 0, 48, 32, 595.38
1638702658, 18, 1982, 2656, 2412, 470, 6.35%, 0, 48, 32, 590.10
1638702663, 18, 1987, 2659, 2414, 469, 6.35%, 0, 48, 32, 574.63
1638702715, 18, 1987, 2660, 2415, 469, 6.35%, 0, 48, 32, 611.88
1638703021, 18, 1987, 2661, 2416, 469, 6.35%, 0, 48, 32, 548.67
1638703037, 18, 1987, 2662, 2417, 469, 6.35%, 0, 48, 32, 561.10
1638703062, 18, 1987, 2664, 2419, 469, 6.35%, 0, 48, 32, 569.96
1638703073, 18, 1987, 2666, 2421, 469, 6.35%, 0, 48, 32, 577.02
1638703078, 18, 1999, 2666, 2420, 470, 6.35%, 0, 48, 32, 579.47
1638703113, 18, 1999, 2667, 2421, 470, 6.35%, 0, 48, 32, 573.15
1638703128, 18, 2228, 2671, 2424, 469, 6.35%, 0, 48, 32, 565.09
1638703149, 18, 2228, 2673, 2426, 469, 6.36%, 0, 48, 32, 510.03
1638703276, 18, 2228, 2674, 2427, 469, 6.36%, 0, 48, 32, 568.28
1638703286, 18, 2670, 2675, 2427, 473, 6.36%, 0, 48, 32, 570.98
1638703291, 18, 2670, 2677, 2429, 473, 6.36%, 0, 48, 32, 574.15
1638703438, 18, 2670, 2678, 2430, 473, 6.36%, 0, 48, 32, 578.09
1638703448, 18, 2672, 2679, 2430, 473, 6.36%, 0, 48, 32, 547.90
1638703601, 18, 2672, 2681, 2432, 473, 6.36%, 0, 49, 32, 527.58
1638703606, 18, 2676, 2684, 2434, 473, 6.36%, 0, 49, 32, 563.99
1638703754, 18, 2676, 2691, 2441, 473, 6.36%, 0, 51, 32, 547.95
1638703759, 18, 2676, 2694, 2444, 473, 6.36%, 0, 52, 32, 594.85
1638703764, 18, 2681, 2695, 2444, 472, 6.36%, 0, 52, 32, 590.74
1638703846, 18, 2681, 2700, 2449, 472, 6.36%, 0, 52, 32, 594.90
1638703857, 19, 2671, 2700, 2448, 472, 6.36%, 0, 52, 32, 1.73
1638703862, 19, 2671, 2702, 2450, 472, 6.36%, 0, 52, 32, 576.46
1638704010, 19, 2674, 2702, 2449, 473, 6.36%, 0, 52, 32, 606.87
1638704020, 19, 2674, 2703, 2450, 473, 6.36%, 0, 52, 32, 605.25
1638704082, 20, 2375, 2703, 2449, 472, 6.36%, 0, 52, 32, 586.18
1638704092, 20, 2375, 2704, 2450, 472, 6.36%, 0, 52, 32, 601.74
1638704097, 20, 2375, 2705, 2451, 472, 6.36%, 0, 52, 32, 605.52
1638704107, 20, 2375, 2706, 2452, 472, 6.36%, 0, 52, 32, 616.72
1638704122, 20, 2375, 2707, 2453, 472, 6.36%, 0, 52, 32, 619.54
1638704133, 20, 2375, 2709, 2455, 472, 6.36%, 0, 52, 32, 608.32
1638704138, 20, 2375, 2710, 2456, 472, 6.36%, 0, 52, 32, 602.34
1638704143, 20, 2375, 2711, 2457, 472, 6.36%, 0, 52, 32, 597.41
1638704158, 20, 2440, 2713, 2458, 470, 6.36%, 0, 52, 32, 592.18
1638704168, 20, 2440, 2714, 2459, 470, 6.36%, 0, 52, 32, 571.21
1638704234, 20, 2536, 2716, 2460, 469, 6.37%, 0, 52, 32, 598.75
1638704239, 20, 2536, 2718, 2462, 469, 6.37%, 0, 52, 32, 609.38
1638704244, 20, 2536, 2719, 2463, 469, 6.37%, 0, 52, 32, 608.35
1638704285, 20, 2536, 2720, 2464, 469, 6.37%, 0, 52, 32, 587.18
1638704295, 20, 2536, 2726, 2470, 469, 6.37%, 0, 52, 32, 594.65
1638704300, 20, 2536, 2727, 2471, 469, 6.37%, 0, 52, 32, 595.79
1638704306, 20, 2536, 2728, 2472, 469, 6.37%, 0, 52, 32, 594.72
1638704311, 20, 2561, 2729, 2472, 467, 6.37%, 0, 52, 32, 597.44
1638704326, 20, 2561, 2730, 2473, 467, 6.37%, 0, 52, 32, 618.63
1638704387, 20, 2561, 2731, 2474, 467, 6.37%, 0, 52, 32, 599.21
1638704392, 20, 2580, 2731, 2473, 467, 6.37%, 0, 52, 32, 606.37
1638704397, 20, 2580, 2732, 2474, 467, 6.37%, 0, 52, 32, 611.07
1638704407, 20, 2580, 2733, 2475, 467, 6.37%, 0, 52, 32, 620.71
1638704504, 20, 2731, 2733, 2474, 467, 6.37%, 0, 52, 32, 594.96
1638704575, 20, 2731, 2734, 2475, 467, 6.37%, 0, 52, 32, 575.22
1638704641, 21, 2715, 2735, 2475, 466, 6.38%, 0, 52, 32, 600.16
1638704647, 21, 2715, 2736, 2476, 466, 6.38%, 0, 52, 32, 611.82
1638704698, 21, 2715, 2737, 2477, 466, 6.38%, 0, 52, 32, 590.50
1638704703, 21, 2715, 2741, 2481, 466, 6.38%, 0, 52, 32, 571.66
1638704708, 21, 2715, 2745, 2485, 466, 6.38%, 0, 53, 32, 589.94
1638704713, 21, 2715, 2746, 2486, 466, 6.38%, 0, 53, 32, 593.67
1638704718, 21, 2744, 2747, 2486, 466, 6.38%, 0, 53, 32, 587.56
1638704790, 21, 2744, 2748, 2487, 466, 6.38%, 0, 53, 32, 602.26
1638704795, 22, 319, 2750, 2488, 465, 6.38%, 0, 53, 32, 592.64
1638704806, 22, 319, 2751, 2489, 465, 6.42%, 0, 53, 32, 586.45
1638704821, 22, 319, 2752, 2490, 465, 6.42%, 0, 53, 32, 586.55
1638704851, 22, 2751, 2776, 2513, 466, 6.42%, 0, 53, 32, 34.48
1638704857, 22, 2751, 2777, 2514, 466, 6.42%, 0, 53, 32, 586.68
1638704887, 22, 2777, 2778, 2514, 467, 6.42%, 0, 53, 32, 586.42
1638704903, 22, 2777, 2780, 2516, 467, 6.42%, 0, 53, 32, 600.18
1638704908, 22, 2778, 2780, 2515, 467, 6.42%, 0, 53, 32, 617.14
1638704918, 22, 2778, 2781, 2516, 467, 6.42%, 0, 53, 32, 600.14
1638704948, 23, 410, 2781, 2515, 467, 6.42%, 0, 53, 32, 569.05
1638704964, 23, 412, 2781, 2514, 466, 6.42%, 0, 53, 32, 583.11
1638704974, 23, 586, 2781, 2513, 465, 6.42%, 0, 53, 32, 584.12
1638704984, 23, 586, 2782, 2514, 465, 6.42%, 0, 53, 32, 581.60
1638704989, 23, 594, 2783, 2514, 465, 6.42%, 0, 53, 32, 586.13
1638704995, 23, 594, 2784, 2515, 465, 6.45%, 0, 53, 32, 589.60
1638705005, 23, 685, 2784, 2514, 465, 6.45%, 0, 53, 32, 573.18
1638705010, 23, 685, 2786, 2516, 465, 6.45%, 0, 53, 32, 592.94
1638705015, 23, 685, 2787, 2517, 465, 6.45%, 0, 53, 32, 605.43
1638705020, 23, 685, 2788, 2518, 465, 6.45%, 0, 53, 32, 607.44
1638705045, 23, 1340, 2789, 2518, 465, 6.45%, 0, 53, 32, 586.23
1638705056, 23, 1340, 2791, 2520, 465, 6.46%, 0, 53, 32, 612.56
1638705107, 23, 1631, 2791, 2519, 465, 6.46%, 0, 53, 32, 589.76
1638705413, 23, 1631, 2792, 2520, 465, 6.46%, 0, 53, 32, 612.11
1638705423, 23, 1818, 2792, 2519, 464, 6.46%, 0, 53, 32, 599.33
1638705464, 23, 1961, 2794, 2520, 463, 6.46%, 0, 53, 32, 579.76
1638705474, 23, 1961, 2795, 2521, 463, 6.47%, 0, 53, 32, 574.70
1638705535, 23, 1961, 2795, 2521, 463, 6.47%, 0, 55, 32, 34.82
1638705540, 23, 1961, 2795, 2521, 463, 6.47%, 0, 56, 32, 76.24
1638705560, 23, 2118, 2795, 2520, 461, 6.47%, 0, 56, 32, 593.27
1638705566, 23, 2118, 2796, 2521, 461, 6.47%, 0, 56, 32, 608.11
1638705622, 23, 2118, 2797, 2522, 461, 6.47%, 0, 56, 32, 613.36
1638705627, 23, 2118, 2798, 2523, 461, 6.47%, 0, 56, 32, 610.86
1638705632, 23, 2236, 2799, 2523, 460, 6.47%, 0, 56, 32, 608.76
1638705718, 23, 2236, 2800, 2524, 460, 6.47%, 0, 56, 32, 604.29
1638705774, 23, 2236, 2801, 2525, 460, 6.47%, 0, 56, 32, 610.26
1638705785, 23, 2800, 2802, 2525, 461, 6.48%, 0, 56, 32, 581.65
1638705795, 23, 2800, 2803, 2526, 461, 6.48%, 0, 56, 32, 598.21
1638705846, 23, 2800, 2804, 2527, 461, 6.48%, 0, 56, 32, 583.70
1638705907, 23, 2802, 2805, 2527, 462, 6.48%, 0, 56, 32, 595.72
1638706004, 24, 2255, 2807, 2528, 462, 6.51%, 0, 56, 32, 580.10
1638706066, 24, 2255, 2812, 2533, 462, 6.53%, 0, 56, 32, 579.12
1638706071, 24, 2255, 2814, 2535, 462, 6.53%, 0, 56, 32, 577.94
1638706081, 24, 2807, 2814, 2534, 463, 6.53%, 0, 56, 32, 538.41
1638706086, 24, 2807, 2815, 2535, 463, 6.53%, 0, 56, 32, 567.14
1638706157, 25, 2256, 2815, 2534, 462, 6.53%, 0, 56, 32, 573.92
1638706441, 25, 2256, 2816, 2535, 462, 6.53%, 0, 56, 32, 561.42
1638706492, 25, 2256, 2818, 2537, 462, 6.53%, 0, 56, 32, 583.85
1638706497, 25, 2817, 2818, 2536, 462, 6.53%, 0, 56, 32, 568.58
1638706564, 26, 2282, 2818, 2535, 461, 6.53%, 0, 56, 32, 569.53
1638706610, 26, 2427, 2823, 2539, 460, 6.54%, 0, 56, 32, 569.56
1638706615, 26, 2427, 2824, 2540, 460, 6.54%, 0, 56, 32, 565.98
1638706620, 26, 2427, 2825, 2541, 460, 6.54%, 0, 56, 32, 569.12
1638706635, 26, 2427, 2826, 2542, 460, 6.54%, 0, 56, 32, 564.60
1638706661, 26, 2427, 2827, 2543, 460, 6.54%, 0, 56, 32, 564.45
1638706671, 26, 2427, 2828, 2544, 460, 6.55%, 0, 56, 32, 569.81
1638706681, 26, 2827, 2828, 2543, 462, 6.55%, 0, 56, 32, 545.87
1638706686, 26, 2827, 2830, 2545, 462, 6.55%, 0, 56, 32, 570.29
1638706743, 26, 2827, 2831, 2546, 462, 6.55%, 0, 56, 32, 565.63
1638706748, 26, 2827, 2833, 2548, 462, 6.55%, 0, 56, 32, 576.22
1638706758, 27, 2435, 2833, 2547, 461, 6.55%, 0, 56, 32, 571.84
1638706768, 27, 2435, 2834, 2548, 461, 6.55%, 0, 56, 32, 574.48
1638706794, 27, 2435, 2835, 2549, 461, 6.55%, 0, 56, 32, 581.45
1638706820, 27, 2435, 2836, 2550, 461, 6.55%, 0, 56, 32, 583.81
1638706825, 27, 2435, 2837, 2551, 461, 6.55%, 0, 56, 32, 600.16
1638706830, 27, 2435, 2839, 2553, 461, 6.57%, 0, 56, 32, 604.76
1638706835, 27, 2435, 2841, 2555, 461, 6.57%, 0, 56, 32, 597.85
1638706840, 27, 2838, 2842, 2555, 461, 6.57%, 0, 56, 32, 590.71
1638706845, 27, 2838, 2843, 2556, 461, 6.57%, 0, 56, 32, 594.13
1638706901, 27, 2838, 2844, 2557, 461, 6.57%, 0, 56, 32, 603.54
1638706906, 27, 2838, 2845, 2558, 461, 6.57%, 0, 56, 32, 597.08
1638706911, 28, 2535, 2847, 2559, 460, 6.57%, 0, 56, 32, 637.21
1638706921, 28, 2535, 2848, 2560, 460, 6.57%, 0, 56, 32, 587.48
1638706978, 28, 2535, 2849, 2561, 460, 6.57%, 0, 56, 32, 617.98
1638706983, 28, 2535, 2850, 2562, 460, 6.57%, 0, 56, 32, 597.46
1638706988, 28, 2553, 2851, 2562, 459, 6.57%, 0, 56, 32, 602.74
1638706993, 28, 2553, 2853, 2564, 459, 6.57%, 0, 56, 32, 550.53
1638707013, 28, 2553, 2853, 2564, 459, 6.57%, 0, 57, 32, 132.68
1638707059, 28, 2553, 2854, 2565, 459, 6.57%, 0, 57, 32, 539.62
1638707064, 28, 2553, 2855, 2566, 459, 6.57%, 0, 57, 32, 580.91
1638707069, 28, 2669, 2856, 2566, 459, 6.57%, 0, 57, 32, 586.20
1638707207, 28, 2669, 2858, 2568, 459, 6.57%, 0, 57, 32, 612.47
1638707217, 28, 2669, 2861, 2571, 459, 6.57%, 0, 58, 32, 520.01
1638707223, 28, 2750, 2862, 2571, 459, 6.57%, 0, 58, 32, 564.86
1638707253, 28, 2750, 2865, 2574, 459, 6.57%, 0, 58, 32, 620.90
1638707258, 28, 2818, 2865, 2573, 458, 6.57%, 0, 58, 32, 624.36
1638707288, 28, 2818, 2866, 2574, 458, 6.57%, 0, 58, 32, 610.11
1638707293, 28, 2818, 2868, 2576, 458, 6.58%, 0, 58, 32, 626.96
1638707298, 28, 2818, 2870, 2578, 458, 6.58%, 0, 58, 32, 613.39
1638707303, 28, 2869, 2871, 2578, 460, 6.58%, 0, 58, 32, 596.42
1638707324, 28, 2869, 2872, 2579, 460, 6.58%, 0, 58, 32, 583.41
1638707360, 28, 2869, 2873, 2580, 460, 6.58%, 0, 58, 32, 616.72
1638707375, 28, 2870, 2873, 2579, 459, 6.58%, 0, 58, 32, 586.27
1638707437, 28, 2870, 2874, 2580, 459, 6.58%, 0, 58, 32, 582.48
1638707472, 28, 2870, 2875, 2581, 459, 6.58%, 0, 58, 32, 584.86
1638707483, 28, 2870, 2880, 2586, 459, 6.58%, 0, 58, 32, 594.37
1638707488, 28, 2870, 2883, 2589, 459, 6.58%, 0, 58, 32, 577.18
1638707498, 29, 2867, 2883, 2588, 460, 6.58%, 0, 58, 32, 589.45
1638707539, 30, 411, 2883, 2587, 459, 6.58%, 0, 58, 32, 597.46
1638707554, 30, 508, 2883, 2586, 458, 6.58%, 0, 58, 32, 615.66
1638707559, 30, 508, 2884, 2587, 458, 6.59%, 0, 58, 32, 611.17
1638707564, 30, 2883, 2886, 2588, 458, 6.59%, 0, 58, 32, 616.12
1638707584, 30, 2883, 2887, 2589, 458, 6.59%, 0, 58, 32, 592.94
1638707609, 30, 2887, 2888, 2589, 458, 6.59%, 0, 58, 32, 611.99
1638707630, 30, 2887, 2889, 2590, 458, 6.59%, 0, 58, 32, 595.78
1638707635, 30, 2887, 2890, 2591, 458, 6.59%, 0, 59, 32, 11.54
1638707646, 31, 1068, 2890, 2590, 457, 6.59%, 0, 59, 32, 581.50
1638707687, 31, 1075, 2892, 2591, 457, 6.60%, 0, 59, 32, 597.36
1638707717, 31, 2891, 2896, 2594, 456, 6.60%, 0, 59, 32, 614.05
1638707722, 31, 2891, 2897, 2595, 456, 6.60%, 0, 59, 32, 612.81
1638707743, 31, 2891, 2899, 2597, 456, 6.60%, 0, 59, 32, 601.00
1638707784, 31, 2891, 2900, 2598, 456, 6.60%, 0, 59, 32, 574.17
1638707789, 31, 2896, 2900, 2597, 457, 6.60%, 0, 59, 32, 577.41
1638707794, 31, 2896, 2901, 2598, 457, 6.60%, 0, 59, 32, 582.56
1638707809, 31, 2896, 2903, 2600, 457, 6.60%, 0, 59, 32, 599.07
1638707865, 31, 2896, 2906, 2603, 457, 6.60%, 0, 59, 32, 527.71
1638707870, 31, 2896, 2911, 2608, 457, 6.60%, 0, 59, 32, 554.41
1638707876, 31, 2896, 2914, 2611, 457, 6.60%, 0, 59, 32, 562.19
1638707881, 31, 2900, 2914, 2610, 457, 6.60%, 0, 59, 32, 599.75
1638707896, 31, 2900, 2915, 2611, 457, 6.60%, 0, 59, 32, 606.41
1638707906, 31, 2900, 2916, 2612, 457, 6.60%, 0, 59, 32, 585.35
1638707958, 31, 2900, 2918, 2614, 457, 6.60%, 0, 59, 32, 486.68
1638707963, 31, 2900, 2918, 2614, 457, 6.60%, 0, 60, 32, 79.39
1638707968, 31, 2900, 2918, 2614, 457, 6.60%, 0, 64, 32, 184.08
1638707974, 31, 2900, 2919, 2615, 457, 6.60%, 0, 65, 32, 33.61
1638707979, 32, 1139, 2925, 2620, 456, 6.60%, 0, 65, 32, 484.01
1638707989, 32, 1139, 2926, 2621, 456, 6.60%, 0, 65, 32, 609.35
1638708030, 32, 1139, 2927, 2622, 456, 6.60%, 0, 65, 32, 597.05
1638708035, 32, 1204, 2927, 2621, 455, 6.60%, 0, 65, 32, 598.00
1638708045, 32, 1204, 2929, 2623, 455, 6.60%, 0, 65, 32, 596.17
1638708081, 32, 1204, 2930, 2624, 455, 6.61%, 0, 65, 32, 621.99
1638708106, 32, 1204, 2931, 2625, 455, 6.61%, 0, 65, 32, 605.34
1638708112, 32, 2929, 2931, 2624, 456, 6.61%, 0, 65, 32, 587.94
1638708122, 32, 2929, 2932, 2625, 456, 6.61%, 0, 65, 32, 590.58
1638708188, 32, 2930, 2932, 2624, 455, 6.61%, 0, 65, 32, 588.53
1638708193, 32, 2930, 2933, 2625, 455, 6.61%, 0, 65, 32, 601.78
1638708198, 32, 2930, 2934, 2626, 455, 6.63%, 0, 65, 32, 608.32
1638708259, 32, 2933, 2936, 2627, 455, 6.63%, 0, 65, 32, 610.66
1638708290, 32, 2933, 2937, 2628, 455, 6.63%, 0, 65, 32, 609.00
1638708300, 32, 2933, 2938, 2629, 455, 6.63%, 0, 65, 32, 599.98
1638708305, 33, 1207, 2938, 2628, 454, 6.63%, 0, 65, 32, 575.00
1638708320, 33, 1207, 2939, 2629, 454, 6.63%, 0, 65, 32, 593.78
1638708376, 33, 1211, 2939, 2628, 453, 6.63%, 0, 65, 32, 612.96
1638708386, 33, 1211, 2940, 2629, 453, 6.63%, 0, 65, 32, 602.10
1638708443, 33, 1211, 2941, 2630, 453, 6.63%, 0, 65, 32, 619.11
1638708453, 33, 1214, 2941, 2629, 452, 6.63%, 0, 65, 32, 572.16
1638708463, 33, 1214, 2942, 2630, 452, 6.63%, 0, 65, 32, 601.25
1638708529, 33, 2941, 2942, 2629, 452, 6.63%, 0, 65, 32, 630.31
1638708539, 33, 2941, 2944, 2631, 452, 6.63%, 0, 65, 32, 610.80
1638708549, 33, 2941, 2945, 2632, 452, 6.63%, 0, 65, 32, 613.14
1638708606, 34, 1423, 2947, 2633, 452, 6.63%, 0, 65, 32, 567.44
1638708667, 34, 1423, 2948, 2634, 452, 6.63%, 0, 65, 32, 607.51
1638708672, 34, 1423, 2950, 2636, 452, 6.63%, 0, 65, 32, 604.08
1638708677, 34, 2945, 2950, 2635, 452, 6.63%, 0, 65, 32, 571.13
1638708708, 34, 2945, 2951, 2636, 452, 6.63%, 0, 65, 32, 588.02
1638708770, 34, 2945, 2952, 2637, 452, 6.64%, 0, 65, 32, 605.90
1638708775, 34, 2951, 2952, 2636, 451, 6.64%, 0, 65, 32, 601.62
1638708785, 34, 2951, 2953, 2637, 451, 6.64%, 0, 65, 32, 582.29
1638708831, 34, 2951, 2953, 2637, 451, 6.64%, 0, 66, 32, 31.02
1638708836, 34, 2951, 2957, 2641, 451, 6.64%, 0, 66, 32, 541.85
1638708841, 34, 2951, 2966, 2650, 451, 6.64%, 0, 66, 32, 575.71
1638708851, 34, 2952, 2966, 2649, 451, 6.64%, 0, 66, 32, 598.53
1638708892, 35, 1438, 2966, 2648, 450, 6.64%, 0, 66, 32, 611.22
1638708922, 35, 1438, 2967, 2649, 450, 6.64%, 0, 66, 32, 623.54
1638708927, 35, 1438, 2968, 2650, 450, 6.64%, 0, 66, 32, 514.25
1638708933, 35, 2967, 2968, 2649, 449, 6.64%, 0, 66, 32, 537.21
1638708948, 35, 2967, 2970, 2651, 449, 6.64%, 0, 66, 32, 425.60
1638708953, 35, 2967, 2971, 2652, 449, 6.64%, 0, 66, 32, 504.70
1638709046, 35, 2967, 2972, 2653, 449, 6.64%, 0, 66, 32, 245.59
1638709071, 35, 2967, 2973, 2654, 449, 6.64%, 0, 66, 32, 363.77
1638709132, 35, 2967, 2974, 2655, 449, 6.64%, 0, 66, 32, 358.72
1638709137, 35, 2967, 2975, 2656, 449, 6.64%, 0, 66, 32, 492.65
1638709147, 35, 2967, 2976, 2657, 449, 6.64%, 0, 66, 32, 566.29
1638709152, 36, 1628, 2977, 2657, 450, 6.65%, 0, 66, 32, 633.09
1638709183, 36, 1628, 2978, 2658, 450, 6.65%, 0, 66, 32, 619.04
1638709244, 36, 1678, 2978, 2657, 451, 6.65%, 0, 66, 32, 631.70
1638709249, 36, 1678, 2979, 2658, 451, 6.65%, 0, 66, 32, 624.80
1638709274, 36, 1678, 2980, 2659, 451, 6.65%, 0, 66, 32, 628.69
1638709340, 36, 1769, 2980, 2658, 450, 6.65%, 0, 66, 32, 598.44
1638709381, 36, 1769, 2981, 2659, 450, 6.65%, 0, 66, 32, 622.19
1638709386, 36, 1792, 2981, 2658, 449, 6.65%, 0, 66, 32, 606.72
1638709416, 36, 1792, 2984, 2661, 449, 6.65%, 0, 66, 32, 601.28
1638709421, 36, 1792, 2986, 2663, 449, 6.65%, 0, 66, 32, 612.83
1638709426, 36, 1874, 2988, 2664, 448, 6.65%, 0, 66, 32, 592.52
1638709431, 36, 1874, 2990, 2666, 448, 6.65%, 0, 66, 32, 589.60
1638709437, 36, 1874, 2993, 2669, 448, 6.65%, 0, 66, 32, 588.59
1638709442, 36, 1874, 2995, 2671, 448, 6.65%, 0, 66, 32, 570.24
1638709452, 36, 1874, 2996, 2672, 448, 6.65%, 0, 66, 32, 585.63
1638709473, 36, 1874, 2997, 2673, 448, 6.65%, 0, 66, 32, 595.64
1638709498, 36, 1900, 2999, 2674, 448, 6.65%, 0, 66, 32, 614.86
1638709503, 36, 1900, 3000, 2675, 448, 6.65%, 0, 66, 32, 591.82
1638709554, 36, 1900, 3001, 2676, 448, 6.65%, 0, 66, 32, 614.60
1638709564, 36, 1900, 3002, 2677, 448, 6.65%, 0, 66, 32, 581.05
1638709569, 36, 1916, 3006, 2680, 448, 6.65%, 0, 66, 32, 594.55
1638709574, 36, 1916, 3009, 2683, 448, 6.65%, 0, 66, 32, 609.51
1638709580, 36, 1916, 3010, 2684, 448, 6.65%, 0, 66, 32, 611.69
1638709636, 36, 1916, 3013, 2687, 448, 6.65%, 0, 66, 32, 575.53
1638709641, 36, 1990, 3013, 2686, 449, 6.65%, 0, 66, 32, 574.48
1638709646, 36, 1990, 3014, 2687, 449, 6.66%, 0, 66, 32, 588.69
1638709672, 36, 1990, 3017, 2690, 449, 6.66%, 0, 66, 32, 587.46
1638709677, 36, 1990, 3018, 2691, 449, 6.66%, 0, 66, 32, 597.91
1638709682, 36, 1990, 3019, 2692, 449, 6.66%, 0, 66, 32, 577.31
1638709688, 36, 2005, 3021, 2693, 449, 6.66%, 0, 66, 32, 596.81
1638709693, 36, 2005, 3022, 2694, 449, 6.66%, 0, 66, 32, 606.95
1638709759, 36, 2032, 3022, 2693, 448, 6.66%, 0, 66, 32, 579.47
1638709816, 36, 2032, 3023, 2694, 448, 6.66%, 0, 67, 32, 50.09
1638709821, 36, 2032, 3024, 2695, 448, 6.66%, 0, 67, 32, 568.44
1638709826, 36, 2077, 3024, 2694, 447, 6.66%, 0, 67, 32, 574.78
1638709856, 36, 2077, 3025, 2695, 447, 6.66%, 0, 67, 32, 573.09
1638709912, 36, 2077, 3026, 2696, 447, 6.66%, 0, 67, 32, 575.77
1638709917, 36, 2077, 3027, 2697, 447, 6.66%, 0, 67, 32, 579.96
1638709922, 36, 2358, 3029, 2698, 447, 6.66%, 0, 67, 32, 552.13
1638709932, 36, 2358, 3031, 2700, 447, 6.66%, 0, 67, 32, 576.15
1638709937, 36, 2358, 3033, 2702, 447, 6.66%, 0, 67, 32, 578.00
1638709947, 36, 2358, 3034, 2703, 447, 6.66%, 0, 67, 32, 577.81
1638709962, 36, 2358, 3035, 2704, 447, 6.66%, 0, 67, 32, 579.52
1638709992, 36, 2358, 3036, 2705, 447, 6.66%, 0, 67, 32, 570.85
1638709998, 36, 2358, 3037, 2706, 447, 6.66%, 0, 67, 32, 574.21
1638710008, 36, 2365, 3037, 2705, 447, 6.66%, 0, 67, 32, 575.32
1638710013, 36, 2365, 3038, 2706, 447, 6.66%, 0, 67, 32, 571.82
1638710069, 36, 2365, 3039, 2707, 447, 6.66%, 0, 67, 32, 582.69
1638710079, 36, 2476, 3040, 2707, 446, 6.66%, 0, 67, 32, 579.08
1638710084, 36, 2476, 3041, 2708, 446, 6.66%, 0, 67, 32, 583.90
1638710141, 36, 2476, 3042, 2709, 446, 6.66%, 0, 67, 32, 584.72
1638710146, 36, 2476, 3044, 2711, 446, 6.66%, 0, 67, 32, 580.93
1638710156, 36, 2559, 3045, 2711, 445, 6.66%, 0, 67, 32, 579.17
1638710177, 36, 2559, 3046, 2712, 445, 6.66%, 0, 67, 32, 585.39
1638710228, 36, 2559, 3047, 2713, 445, 6.66%, 0, 67, 32, 573.63
1638710233, 36, 2563, 3048, 2713, 444, 6.66%, 0, 67, 32, 529.61
1638710305, 36, 2563, 3050, 2715, 444, 6.66%, 0, 67, 32, 482.66
1638710310, 36, 2614, 3052, 2716, 444, 6.66%, 0, 67, 32, 475.84
1638710371, 36, 2614, 3053, 2717, 444, 6.66%, 0, 67, 32, 580.29
1638710376, 36, 2614, 3063, 2727, 444, 6.66%, 0, 67, 32, 546.57
1638710381, 36, 2614, 3065, 2729, 444, 6.66%, 0, 67, 32, 564.80
1638710386, 36, 2630, 3065, 2728, 443, 6.66%, 0, 67, 32, 567.82
1638710396, 36, 2630, 3066, 2729, 443, 6.66%, 0, 67, 32, 568.71
1638710452, 36, 2630, 3067, 2730, 443, 6.66%, 0, 67, 32, 568.01
1638710467, 36, 2634, 3068, 2730, 442, 6.66%, 0, 67, 32, 570.11
1638710508, 36, 2634, 3070, 2732, 442, 6.66%, 0, 67, 32, 578.66
1638710513, 36, 2656, 3073, 2734, 442, 6.66%, 0, 67, 32, 569.79
1638710874, 36, 2656, 3076, 2737, 442, 6.66%, 0, 67, 32, 609.24
1638710880, 36, 2656, 3077, 2738, 442, 6.66%, 0, 67, 32, 626.24
1638710885, 36, 2656, 3083, 2744, 442, 6.66%, 0, 67, 32, 593.47
1638710890, 36, 2783, 3085, 2745, 441, 6.66%, 0, 67, 32, 600.43
1638710895, 36, 2783, 3086, 2746, 441, 6.66%, 0, 67, 32, 612.79
1638710936, 36, 2783, 3088, 2748, 441, 6.66%, 0, 67, 32, 607.64
1638710941, 36, 3083, 3089, 2748, 441, 6.66%, 0, 67, 32, 622.63
1638710981, 36, 3083, 3091, 2750, 441, 6.66%, 0, 67, 32, 631.57
1638710987, 36, 3083, 3093, 2752, 441, 6.66%, 0, 67, 32, 631.10
1638710992, 37, 2790, 3097, 2755, 440, 6.66%, 0, 67, 32, 602.90
1638711027, 37, 2790, 3099, 2757, 440, 6.66%, 0, 67, 32, 603.23
1638711032, 37, 2790, 3104, 2762, 440, 6.66%, 0, 67, 32, 616.30
1638711037, 37, 3097, 3105, 2762, 440, 6.67%, 0, 67, 32, 625.89
1638711063, 37, 3097, 3106, 2763, 440, 6.67%, 0, 67, 32, 604.42
1638711073, 37, 3104, 3106, 2762, 440, 6.67%, 0, 67, 32, 624.58
1638711104, 37, 3104, 3110, 2766, 440, 6.67%, 0, 67, 32, 619.57
1638711109, 38, 2805, 3111, 2766, 439, 6.67%, 0, 67, 32, 625.05
1638711114, 38, 2805, 3112, 2767, 439, 6.67%, 0, 67, 32, 622.33
1638711169, 38, 2805, 3113, 2768, 439, 6.67%, 0, 67, 32, 598.63
1638711180, 38, 2820, 3113, 2767, 440, 6.67%, 0, 67, 32, 611.87
1638711185, 38, 2820, 3114, 2768, 440, 6.67%, 0, 67, 32, 585.83
1638711251, 38, 2976, 3114, 2767, 439, 6.67%, 0, 67, 32, 613.00
1638711276, 38, 2976, 3115, 2768, 439, 6.67%, 0, 67, 32, 623.22
1638711343, 38, 3067, 3115, 2767, 438, 6.67%, 0, 67, 32, 600.11
1638711348, 38, 3067, 3117, 2769, 438, 6.67%, 0, 67, 32, 608.53
1638711358, 38, 3067, 3118, 2770, 438, 6.67%, 0, 67, 32, 601.77
1638711414, 38, 3115, 3118, 2769, 438, 6.67%, 0, 67, 32, 595.27
1638711439, 38, 3115, 3119, 2770, 438, 6.68%, 0, 67, 32, 598.15
1638711470, 38, 3115, 3121, 2772, 438, 6.68%, 0, 67, 32, 610.84
1638711485, 38, 3118, 3123, 2773, 438, 6.68%, 0, 67, 32, 606.86
1638711490, 38, 3118, 3124, 2774, 438, 6.68%, 0, 67, 32, 614.79
1638711501, 38, 3118, 3125, 2775, 438, 6.68%, 0, 67, 32, 609.38
1638711506, 38, 3118, 3127, 2777, 438, 6.68%, 0, 67, 32, 612.76
1638711516, 38, 3118, 3128, 2778, 438, 6.68%, 0, 67, 32, 610.55
1638711526, 38, 3118, 3129, 2779, 438, 6.68%, 0, 67, 32, 615.77
1638711567, 39, 676, 3132, 2781, 438, 6.68%, 0, 67, 32, 601.98
1638711582, 39, 1208, 3134, 2782, 437, 6.68%, 0, 67, 32, 622.75
1638711597, 39, 1208, 3135, 2783, 437, 6.68%, 0, 67, 32, 609.25
1638711603, 39, 1208, 3137, 2785, 437, 6.68%, 0, 67, 32, 575.54
1638711664, 39, 3133, 3137, 2784, 437, 6.68%, 0, 67, 32, 113.59
1638711669, 39, 3133, 3140, 2787, 437, 6.69%, 0, 67, 32, 574.26
1638711690, 39, 3133, 3142, 2789, 437, 6.69%, 0, 67, 32, 617.44
1638711746, 39, 3133, 3143, 2790, 437, 6.69%, 0, 67, 32, 604.14
1638711751, 39, 3139, 3144, 2790, 442, 6.69%, 0, 67, 32, 606.99
1638711761, 39, 3139, 3145, 2791, 442, 6.69%, 0, 67, 32, 616.80
1638711776, 39, 3139, 3146, 2792, 442, 6.69%, 0, 67, 32, 621.29
1638711832, 39, 3141, 3147, 2792, 444, 6.69%, 0, 67, 32, 623.89
1638711882, 39, 3141, 3148, 2793, 444, 6.70%, 0, 67, 32, 616.24
1638711887, 39, 3147, 3149, 2793, 445, 6.70%, 0, 67, 32, 621.36
1638711933, 40, 3146, 3149, 2792, 444, 6.70%, 0, 67, 32, 606.77
1638711989, 41, 1237, 3149, 2791, 443, 6.70%, 0, 67, 32, 605.14
1638712041, 41, 1448, 3149, 2790, 442, 6.70%, 0, 67, 32, 589.97
1638712046, 41, 1448, 3150, 2791, 442, 6.70%, 0, 67, 32, 596.08
1638712056, 41, 1448, 3151, 2792, 442, 6.70%, 0, 67, 32, 608.22
1638712107, 41, 1448, 3152, 2793, 442, 6.70%, 0, 67, 32, 621.16
1638712117, 41, 1448, 3153, 2794, 442, 6.70%, 0, 67, 32, 626.36
1638712122, 41, 3152, 3153, 2793, 443, 6.70%, 0, 67, 32, 626.10
1638712163, 41, 3152, 3154, 2794, 443, 6.70%, 0, 67, 32, 606.41
1638712168, 42, 3149, 3154, 2793, 442, 6.70%, 0, 67, 32, 612.07
1638712184, 42, 3149, 3155, 2794, 442, 6.70%, 0, 67, 32, 573.50
1638712250, 43, 1460, 3156, 2794, 441, 6.70%, 0, 67, 32, 602.00
1638712255, 43, 1460, 3157, 2795, 441, 6.70%, 0, 67, 32, 602.64
1638712316, 43, 1460, 3158, 2796, 441, 6.70%, 0, 67, 32, 598.40
1638712327, 43, 3155, 3158, 2795, 441, 6.70%, 0, 67, 32, 597.37
1638712362, 43, 3155, 3159, 2796, 441, 6.70%, 0, 67, 32, 604.93
1638712373, 43, 3161, 3162, 2798, 441, 6.70%, 0, 67, 32, 624.30
1638712393, 43, 3161, 3163, 2799, 441, 6.70%, 0, 67, 32, 621.21
1638712459, 44, 1768, 3164, 2799, 441, 6.70%, 0, 67, 32, 18.78
1638712465, 44, 1768, 3165, 2800, 441, 6.70%, 0, 67, 32, 614.48
1638712500, 44, 1768, 3166, 2801, 441, 6.70%, 0, 67, 32, 624.98
1638712520, 44, 1768, 3171, 2806, 441, 6.70%, 0, 67, 32, 590.45
1638712531, 44, 3172, 3173, 2807, 441, 6.70%, 0, 67, 32, 595.13
1638712541, 44, 3172, 3174, 2808, 441, 6.70%, 0, 67, 32, 607.01
1638712607, 45, 1779, 3174, 2807, 440, 6.70%, 0, 67, 32, 631.48
1638712658, 45, 1829, 3175, 2807, 439, 6.70%, 0, 67, 32, 604.27
1638712693, 45, 1829, 3176, 2808, 439, 6.71%, 0, 67, 32, 617.92
1638712703, 45, 3175, 3177, 2808, 439, 6.71%, 0, 67, 32, 599.83
1638712734, 45, 3175, 3179, 2810, 439, 6.71%, 0, 67, 32, 614.73
1638712739, 45, 3175, 3180, 2811, 439, 6.71%, 0, 67, 32, 618.22
1638712749, 46, 1850, 3180, 2810, 438, 6.71%, 0, 67, 32, 609.19
1638712754, 46, 1850, 3181, 2811, 438, 6.71%, 0, 67, 32, 623.64
1638712816, 46, 1850, 3183, 2813, 438, 6.71%, 0, 67, 32, 612.71
1638712821, 46, 3180, 3186, 2815, 438, 6.71%, 0, 67, 32, 599.33
1638712841, 46, 3180, 3187, 2816, 438, 6.71%, 0, 67, 32, 601.42
1638712882, 46, 3180, 3188, 2817, 438, 6.71%, 0, 67, 32, 627.29
1638712892, 46, 3185, 3191, 2819, 438, 6.72%, 0, 67, 32, 608.34
1638712907, 46, 3185, 3192, 2820, 438, 6.72%, 0, 67, 32, 602.77
1638712963, 46, 3185, 3193, 2821, 438, 6.72%, 0, 67, 32, 595.98
1638712973, 46, 3190, 3193, 2820, 438, 6.72%, 0, 67, 32, 613.58
1638712989, 46, 3190, 3194, 2821, 438, 6.72%, 0, 67, 32, 597.76
1638713050, 46, 3190, 3196, 2823, 438, 6.72%, 0, 67, 32, 594.30
1638713055, 47, 1939, 3196, 2822, 437, 6.72%, 0, 67, 32, 594.31
1638713096, 47, 3199, 3205, 2830, 439, 6.78%, 0, 67, 32, 605.12
1638713101, 47, 3199, 3207, 2832, 439, 6.78%, 0, 67, 32, 607.49
1638713116, 47, 3199, 3208, 2833, 439, 6.78%, 0, 67, 32, 589.72
1638713152, 47, 3199, 3209, 2834, 439, 6.79%, 0, 67, 32, 610.86
1638713157, 47, 3199, 3213, 2838, 439, 6.79%, 0, 67, 32, 593.61
1638713167, 47, 3208, 3216, 2840, 439, 6.79%, 0, 67, 32, 594.97
1638713177, 47, 3208, 3217, 2841, 439, 6.79%, 0, 67, 32, 595.24
1638713233, 47, 3208, 3218, 2842, 439, 6.79%, 0, 67, 32, 587.18
1638713238, 47, 3208, 3219, 2843, 439, 6.79%, 0, 67, 32, 577.59
1638713243, 47, 3215, 3219, 2842, 441, 6.79%, 0, 67, 32, 582.54
1638713274, 47, 3215, 3221, 2844, 441, 6.79%, 0, 67, 32, 587.62
1638713279, 47, 3215, 3223, 2846, 441, 6.79%, 0, 68, 32, 543.94
1638713284, 47, 3215, 3225, 2848, 441, 6.79%, 0, 68, 32, 563.52
1638713290, 47, 3225, 3226, 2848, 440, 6.80%, 0, 68, 32, 574.19
1638713320, 47, 3225, 3230, 2852, 440, 6.80%, 0, 68, 32, 593.31
1638713325, 47, 3225, 3231, 2853, 440, 6.80%, 0, 68, 32, 589.68
1638713335, 48, 3203, 3233, 2854, 439, 6.80%, 0, 68, 32, 599.74
1638713351, 48, 3203, 3234, 2855, 439, 6.80%, 0, 68, 32, 590.85
1638713392, 48, 3203, 3236, 2857, 439, 6.80%, 0, 68, 32, 566.31
1638713397, 48, 3203, 3244, 2865, 439, 6.80%, 0, 68, 32, 592.73
1638713407, 48, 3219, 3244, 2864, 438, 6.80%, 0, 68, 32, 585.39
1638713443, 48, 3219, 3248, 2868, 438, 6.80%, 0, 68, 32, 500.43
1638713448, 48, 3219, 3253, 2873, 438, 6.80%, 0, 68, 32, 491.32
1638713453, 48, 3247, 3255, 2874, 439, 6.81%, 0, 68, 32, 490.43
1638713504, 48, 3247, 3256, 2875, 439, 6.81%, 0, 68, 32, 501.36
1638713514, 48, 3247, 3257, 2876, 439, 6.81%, 0, 68, 32, 509.38
1638713560, 48, 3254, 3257, 2875, 441, 6.81%, 0, 68, 32, 536.75
1638713606, 48, 3254, 3258, 2876, 441, 6.81%, 0, 68, 32, 503.31
1638713672, 49, 3249, 3258, 2875, 441, 6.81%, 0, 68, 32, 495.87
1638713738, 49, 3258, 3262, 2878, 440, 6.81%, 0, 68, 32, 587.19
1638713754, 49, 3258, 3269, 2885, 440, 6.81%, 0, 68, 32, 521.00
1638713759, 49, 3258, 3270, 2886, 440, 6.81%, 0, 68, 32, 582.72
1638713764, 49, 3258, 3273, 2889, 440, 6.81%, 0, 68, 32, 477.27
1638713769, 49, 3258, 3274, 2890, 440, 6.81%, 0, 68, 32, 569.27
1638713789, 49, 3258, 3275, 2891, 440, 6.81%, 0, 68, 32, 599.81
1638713810, 49, 3258, 3283, 2899, 440, 6.81%, 0, 68, 32, 582.69
1638713830, 49, 3271, 3283, 2898, 438, 6.81%, 0, 68, 32, 59.26
1638713896, 49, 3271, 3286, 2901, 438, 6.81%, 0, 68, 32, 322.71
1638713901, 49, 3271, 3287, 2902, 438, 6.81%, 0, 68, 32, 364.23
1638713978, 50, 2024, 3287, 2901, 437, 6.81%, 0, 68, 32, 45.17
1638713988, 50, 2029, 3287, 2900, 437, 6.81%, 0, 68, 32, 46.30
1638713994, 50, 2034, 3287, 2899, 436, 6.81%, 0, 68, 32, 45.01
1638714029, 50, 2036, 3287, 2898, 435, 6.81%, 0, 68, 32, 59.35
1638714050, 50, 2037, 3287, 2897, 434, 6.81%, 0, 68, 32, 35.59
1638714060, 50, 2038, 3287, 2896, 433, 6.81%, 0, 68, 32, 38.31
1638714065, 50, 2050, 3287, 2895, 432, 6.81%, 0, 68, 32, 35.75
1638714075, 50, 2051, 3287, 2894, 431, 6.81%, 0, 68, 32, 33.41
1638714086, 50, 2052, 3287, 2893, 430, 6.81%, 0, 68, 32, 34.90
1638714096, 50, 2056, 3287, 2892, 429, 6.81%, 0, 68, 32, 35.95
1638714101, 50, 2065, 3287, 2891, 428, 6.81%, 0, 68, 32, 36.34
1638714111, 50, 2066, 3287, 2890, 428, 6.81%, 0, 68, 32, 35.95
1638714116, 50, 2079, 3287, 2889, 427, 6.81%, 0, 68, 32, 35.32
1638714126, 50, 2083, 3287, 2888, 427, 6.81%, 0, 68, 32, 36.34
1638714132, 50, 2084, 3287, 2887, 427, 6.81%, 0, 68, 32, 35.35
1638714142, 50, 2096, 3287, 2886, 427, 6.81%, 0, 68, 32, 34.07
1638714147, 50, 2154, 3287, 2885, 426, 6.81%, 0, 68, 32, 34.27
1638714178, 50, 2156, 3287, 2884, 426, 6.81%, 0, 68, 32, 35.58
1638714183, 50, 2157, 3287, 2883, 425, 6.81%, 0, 68, 32, 35.00
1638714193, 50, 2182, 3287, 2882, 425, 6.81%, 0, 68, 32, 36.77
1638714203, 50, 2258, 3287, 2881, 425, 6.81%, 0, 68, 32, 35.87
1638714224, 50, 2266, 3287, 2880, 424, 6.81%, 0, 68, 32, 31.91
1638714229, 50, 2406, 3287, 2879, 423, 6.81%, 0, 68, 32, 33.27
1638714239, 50, 2506, 3287, 2878, 422, 6.81%, 0, 68, 32, 30.92
