# unix_time, cycles_done, cur_path, paths_total, pending_total, pending_favs, map_size, unique_crashes, unique_hangs, max_depth, execs_per_sec
1638726848, 0, 0, 1, 1, 1, 1.22%, 0, 0, 1, 111.11
1638726853, 0, 0, 44, 44, 1, 1.69%, 0, 0, 2, 149.26
1638726858, 0, 0, 84, 84, 1, 1.92%, 0, 0, 2, 148.06
1638726863, 0, 0, 101, 101, 1, 2.06%, 0, 0, 2, 155.88
1638726868, 0, 0, 107, 107, 1, 2.09%, 0, 0, 2, 156.43
1638726873, 0, 0, 114, 114, 1, 2.22%, 0, 0, 2, 155.67
1638726879, 0, 0, 115, 115, 1, 2.22%, 0, 0, 2, 162.63
1638726884, 0, 0, 130, 130, 1, 2.60%, 0, 0, 2, 159.31
1638726889, 0, 0, 133, 133, 1, 2.62%, 0, 0, 2, 159.19
1638726894, 0, 0, 134, 134, 1, 2.63%, 0, 0, 2, 151.78
1638726899, 0, 0, 139, 139, 1, 3.00%, 0, 0, 2, 151.37
1638726904, 0, 0, 140, 140, 1, 3.00%, 0, 0, 2, 144.04
1638726909, 0, 0, 158, 158, 1, 3.17%, 0, 0, 2, 1755.34
1638726914, 0, 0, 169, 169, 1, 3.21%, 0, 0, 2, 1458.36
1638726919, 0, 0, 184, 184, 1, 3.28%, 0, 0, 2, 928.36
1638726924, 0, 0, 189, 189, 1, 3.33%, 0, 0, 2, 150.70
1638726930, 0, 0, 192, 192, 1, 3.34%, 0, 0, 2, 150.36
1638726935, 0, 0, 195, 195, 1, 3.34%, 0, 0, 2, 149.75
1638726940, 0, 0, 198, 198, 1, 3.35%, 0, 0, 2, 148.50
1638726945, 0, 0, 199, 199, 1, 3.40%, 0, 0, 2, 148.17
1638726950, 0, 0, 200, 200, 1, 3.40%, 0, 0, 2, 151.92
1638726955, 0, 0, 201, 201, 1, 3.40%, 0, 0, 2, 152.74
1638726965, 0, 0, 202, 202, 1, 3.40%, 0, 0, 2, 146.96
1638726970, 0, 0, 203, 203, 1, 3.40%, 0, 0, 2, 148.33
1638726975, 0, 0, 204, 204, 1, 3.42%, 0, 0, 2, 153.99
1638726981, 0, 0, 205, 205, 1, 3.42%, 0, 0, 2, 153.72
1638726991, 0, 0, 206, 206, 1, 3.42%, 0, 0, 2, 149.57
1638726996, 0, 0, 207, 207, 1, 3.42%, 0, 0, 2, 148.09
1638727001, 0, 0, 210, 210, 1, 3.44%, 0, 0, 2, 149.09
1638727006, 0, 0, 211, 211, 1, 3.44%, 0, 0, 2, 151.93
1638727011, 0, 0, 214, 214, 1, 3.44%, 0, 0, 2, 152.64
1638727027, 0, 0, 217, 217, 1, 3.44%, 0, 0, 2, 148.92
1638727032, 0, 0, 218, 218, 1, 3.44%, 0, 0, 2, 148.93
1638727037, 0, 0, 219, 219, 1, 3.45%, 0, 0, 2, 149.79
1638727047, 0, 0, 220, 220, 1, 3.46%, 0, 0, 2, 151.98
1638727052, 0, 0, 221, 221, 1, 3.47%, 0, 0, 2, 150.53
1638727062, 0, 0, 222, 222, 1, 3.47%, 0, 0, 2, 147.62
1638727083, 0, 0, 224, 224, 1, 3.47%, 0, 0, 2, 149.69
1638727088, 0, 0, 226, 226, 1, 3.49%, 0, 0, 2, 148.94
1638727098, 0, 0, 227, 227, 1, 3.49%, 0, 0, 2, 149.97
1638727103, 0, 0, 229, 229, 1, 3.50%, 0, 0, 2, 152.58
1638727108, 0, 0, 231, 231, 1, 3.51%, 0, 0, 2, 156.00
1638727129, 0, 12, 241, 240, 132, 3.54%, 0, 0, 3, 157.93
1638727139, 0, 12, 242, 241, 132, 3.54%, 0, 0, 3, 159.50
1638727149, 0, 12, 243, 242, 132, 3.54%, 0, 0, 3, 154.68
1638727221, 0, 12, 245, 244, 132, 3.54%, 0, 0, 3, 156.05
1638727252, 0, 12, 246, 245, 132, 3.54%, 0, 0, 3, 152.91
1638727262, 0, 84, 246, 244, 137, 3.54%, 0, 0, 3, 162.99
1638727272, 0, 84, 247, 245, 137, 3.59%, 0, 0, 3, 151.77
1638727374, 0, 107, 247, 244, 137, 3.59%, 0, 0, 3, 141.17
1638727380, 0, 107, 249, 246, 137, 3.60%, 0, 0, 3, 149.16
1638727502, 0, 108, 256, 252, 138, 3.61%, 0, 0, 3, 152.56
1638727507, 0, 108, 258, 254, 138, 3.61%, 0, 0, 3, 159.25
1638727522, 0, 108, 261, 257, 138, 3.62%, 0, 0, 3, 147.19
1638727533, 0, 108, 264, 260, 138, 3.62%, 0, 0, 3, 148.85
1638727599, 0, 108, 266, 262, 138, 3.64%, 0, 0, 3, 147.30
1638727614, 0, 108, 268, 264, 138, 3.65%, 0, 0, 3, 149.63
1638727620, 0, 108, 269, 265, 138, 3.65%, 0, 0, 3, 148.67
1638727625, 0, 108, 270, 266, 138, 3.65%, 0, 0, 3, 147.54
1638727630, 0, 108, 271, 267, 138, 3.65%, 0, 0, 3, 147.62
1638727635, 0, 108, 273, 269, 138, 3.66%, 0, 0, 3, 146.08
1638727844, 0, 117, 274, 269, 154, 3.74%, 0, 0, 3, 157.63
1638727849, 0, 117, 277, 272, 154, 3.75%, 0, 0, 3, 163.63
1638727854, 0, 117, 281, 276, 154, 3.76%, 0, 0, 3, 156.16
1638727875, 0, 117, 283, 278, 154, 3.77%, 0, 0, 3, 157.47
1638727978, 0, 169, 284, 278, 163, 3.77%, 0, 0, 3, 155.22
1638728116, 0, 170, 285, 278, 162, 3.77%, 0, 0, 3, 160.92
1638728121, 0, 170, 288, 281, 162, 3.78%, 0, 0, 3, 163.02
1638728126, 0, 170, 289, 282, 162, 3.78%, 0, 0, 3, 159.45
1638728248, 0, 178, 289, 281, 166, 3.78%, 0, 0, 3, 159.14
1638728253, 0, 178, 292, 284, 166, 3.80%, 0, 0, 3, 159.09
1638728259, 0, 178, 293, 285, 166, 3.81%, 0, 0, 3, 152.85
1638728284, 0, 178, 294, 286, 166, 3.81%, 0, 0, 3, 148.47
1638728340, 0, 178, 295, 287, 166, 3.81%, 0, 0, 3, 152.32
1638728376, 0, 178, 296, 288, 166, 3.81%, 0, 0, 3, 150.75
1638728397, 0, 178, 297, 289, 166, 3.82%, 0, 0, 3, 152.63
1638728453, 0, 181, 297, 288, 172, 3.82%, 0, 0, 3, 156.19
1638728458, 0, 181, 299, 290, 172, 3.82%, 0, 0, 3, 150.19
1638728565, 0, 181, 300, 291, 172, 3.83%, 0, 0, 3, 152.66
1638728586, 0, 188, 300, 290, 173, 3.83%, 0, 0, 3, 155.99
1638728596, 0, 188, 301, 291, 173, 3.85%, 0, 0, 3, 154.57
1638728601, 0, 188, 302, 292, 173, 3.85%, 0, 0, 3, 150.55
1638728688, 0, 188, 303, 293, 173, 3.85%, 0, 0, 3, 147.74
1638728719, 0, 191, 303, 292, 174, 3.85%, 0, 0, 3, 151.18
1638728729, 0, 191, 304, 293, 174, 3.89%, 0, 0, 3, 152.03
1638728816, 0, 191, 305, 294, 174, 3.90%, 0, 0, 3, 148.54
1638728826, 0, 191, 306, 295, 174, 3.90%, 0, 0, 3, 147.70
1638728841, 0, 191, 309, 298, 174, 3.94%, 0, 0, 3, 148.55
1638728846, 0, 191, 310, 299, 174, 3.94%, 0, 0, 3, 150.74
1638728882, 0, 191, 311, 300, 174, 3.94%, 0, 0, 3, 143.24
1638728994, 0, 191, 312, 301, 174, 4.03%, 0, 0, 3, 145.41
1638729004, 0, 191, 313, 302, 174, 4.04%, 0, 0, 3, 140.23
1638729009, 0, 203, 317, 305, 182, 4.15%, 0, 0, 3, 159.17
1638729101, 0, 203, 318, 306, 182, 4.16%, 0, 0, 3, 163.27
1638729137, 0, 209, 319, 306, 186, 4.16%, 0, 0, 3, 154.24
1638729142, 0, 209, 320, 307, 186, 4.16%, 0, 0, 3, 156.57
1638729193, 0, 209, 322, 309, 186, 4.17%, 0, 0, 3, 150.55
1638729198, 0, 209, 325, 312, 186, 4.20%, 0, 0, 3, 150.01
1638729214, 0, 218, 328, 314, 190, 4.25%, 0, 0, 3, 159.36
1638729311, 0, 218, 329, 315, 190, 4.25%, 0, 0, 3, 158.38
1638729347, 0, 219, 329, 314, 193, 4.25%, 0, 0, 3, 168.17
1638729454, 0, 219, 330, 315, 193, 4.26%, 0, 0, 3, 160.44
1638729475, 0, 223, 330, 314, 193, 4.26%, 0, 0, 3, 161.86
1638729592, 0, 229, 330, 313, 192, 4.26%, 0, 0, 3, 154.34
1638729598, 0, 229, 333, 316, 192, 4.26%, 0, 0, 3, 154.77
1638729685, 0, 229, 334, 317, 192, 4.27%, 0, 0, 3, 150.09
1638729705, 0, 229, 336, 319, 192, 4.27%, 0, 0, 3, 155.01
1638729725, 0, 238, 337, 319, 195, 4.28%, 0, 0, 4, 156.45
1638729731, 0, 238, 338, 320, 195, 4.28%, 0, 0, 4, 163.42
1638729736, 0, 238, 339, 321, 195, 4.29%, 0, 0, 4, 160.51
1638729854, 0, 242, 339, 320, 197, 4.29%, 0, 0, 4, 157.73
1638729864, 0, 242, 341, 322, 197, 4.30%, 0, 0, 4, 158.93
1638729879, 0, 242, 344, 325, 197, 4.30%, 0, 0, 4, 155.94
1638729915, 0, 246, 366, 346, 201, 4.40%, 0, 0, 4, 1376.34
1638729920, 0, 246, 371, 351, 201, 4.41%, 0, 0, 4, 839.40
1638729971, 0, 246, 372, 352, 201, 4.41%, 0, 0, 4, 145.90
1638729976, 0, 246, 373, 353, 201, 4.42%, 0, 0, 4, 145.57
1638729981, 0, 246, 378, 358, 201, 4.44%, 0, 0, 4, 144.06
1638730002, 0, 246, 382, 362, 201, 4.44%, 0, 0, 4, 145.74
1638730017, 0, 246, 383, 363, 201, 4.45%, 0, 0, 4, 144.51
1638730022, 0, 246, 384, 364, 201, 4.45%, 0, 0, 4, 142.26
1638730027, 0, 246, 385, 365, 201, 4.45%, 0, 0, 4, 143.37
1638730109, 0, 246, 386, 366, 201, 4.45%, 0, 0, 4, 143.86
1638730139, 0, 246, 387, 367, 201, 4.45%, 0, 0, 4, 143.21
1638730226, 0, 247, 387, 366, 231, 4.45%, 0, 0, 4, 151.92
1638730231, 0, 247, 388, 367, 231, 4.49%, 0, 0, 4, 157.72
1638730354, 0, 248, 388, 366, 231, 4.49%, 0, 0, 4, 154.36
1638730476, 0, 273, 388, 365, 230, 4.49%, 0, 0, 4, 153.60
1638730481, 0, 273, 394, 371, 230, 4.51%, 0, 0, 4, 149.35
1638730588, 0, 273, 396, 373, 230, 4.52%, 0, 0, 4, 153.18
1638730593, 0, 273, 397, 374, 230, 4.52%, 0, 0, 4, 154.43
1638730609, 0, 273, 398, 375, 230, 4.52%, 0, 0, 4, 149.42
1638730619, 0, 276, 401, 377, 238, 4.53%, 0, 0, 4, 160.81
1638730747, 0, 289, 404, 379, 240, 4.54%, 0, 0, 4, 159.13
1638730778, 0, 289, 405, 380, 240, 4.54%, 0, 0, 4, 157.77
1638730839, 0, 289, 406, 381, 240, 4.55%, 0, 0, 4, 156.50
1638730855, 0, 289, 408, 383, 240, 4.57%, 0, 0, 4, 154.79
1638730875, 0, 292, 408, 382, 246, 4.57%, 0, 0, 4, 157.80
1638730998, 0, 296, 408, 381, 245, 4.57%, 0, 0, 4, 156.20
1638731125, 0, 299, 408, 380, 244, 4.57%, 0, 0, 4, 158.45
1638731130, 0, 299, 412, 384, 244, 4.59%, 0, 0, 4, 149.26
1638731141, 0, 299, 414, 386, 244, 4.61%, 0, 0, 4, 148.04
1638731146, 0, 299, 415, 387, 244, 4.61%, 0, 0, 4, 147.13
1638731176, 0, 299, 421, 393, 244, 4.69%, 0, 0, 4, 145.42
1638731248, 0, 299, 422, 394, 244, 4.69%, 0, 0, 4, 146.19
1638731258, 0, 299, 423, 395, 244, 4.69%, 0, 0, 4, 145.40
1638731269, 0, 307, 425, 396, 257, 4.70%, 0, 0, 4, 150.41
1638731274, 0, 307, 426, 397, 257, 4.70%, 0, 0, 4, 159.28
1638731284, 0, 307, 427, 398, 257, 4.73%, 0, 0, 4, 146.89
1638731304, 0, 307, 429, 400, 257, 4.73%, 0, 0, 4, 146.31
1638731376, 0, 307, 430, 401, 257, 4.73%, 0, 0, 4, 148.49
1638731391, 0, 311, 430, 400, 261, 4.73%, 0, 0, 4, 151.60
1638731396, 0, 311, 445, 415, 261, 4.81%, 0, 0, 4, 143.80
1638731402, 0, 311, 449, 419, 261, 4.81%, 0, 0, 4, 149.18
1638731407, 0, 311, 450, 420, 261, 4.82%, 0, 0, 4, 146.82
1638731417, 0, 311, 452, 422, 261, 4.82%, 0, 0, 4, 144.18
1638731427, 0, 311, 461, 431, 261, 4.83%, 0, 0, 4, 141.57
1638731442, 0, 311, 463, 433, 261, 4.84%, 0, 0, 4, 146.10
1638731478, 0, 311, 464, 434, 261, 4.84%, 0, 0, 4, 145.53
1638731483, 0, 311, 465, 435, 261, 4.84%, 0, 0, 4, 145.53
1638731488, 0, 311, 466, 436, 261, 4.84%, 0, 0, 4, 143.42
1638731499, 0, 311, 467, 437, 261, 4.84%, 0, 0, 4, 144.99
1638731509, 0, 311, 473, 443, 261, 4.84%, 0, 0, 4, 144.43
1638731514, 0, 311, 474, 444, 261, 4.84%, 0, 0, 4, 143.32
1638731524, 0, 311, 476, 446, 261, 4.84%, 0, 0, 4, 140.37
1638731539, 0, 311, 477, 447, 261, 4.84%, 0, 0, 4, 146.04
1638731575, 0, 311, 478, 448, 261, 4.84%, 0, 0, 4, 145.92
1638731606, 0, 311, 479, 449, 261, 4.84%, 0, 0, 4, 143.55
1638731631, 0, 311, 480, 450, 261, 4.84%, 0, 0, 4, 146.78
1638731662, 0, 311, 481, 451, 261, 4.84%, 0, 0, 4, 141.94
1638731713, 0, 311, 482, 452, 261, 4.85%, 0, 0, 4, 142.47
1638731738, 0, 313, 482, 451, 282, 4.85%, 0, 0, 4, 159.97
1638731744, 0, 313, 483, 452, 282, 4.86%, 0, 0, 4, 164.27
1638731861, 0, 314, 483, 451, 282, 4.86%, 0, 0, 4, 165.32
1638731866, 0, 314, 487, 455, 282, 4.89%, 0, 0, 4, 156.85
1638731871, 0, 314, 488, 456, 282, 4.89%, 0, 0, 4, 157.13
1638731999, 0, 315, 489, 456, 284, 4.90%, 0, 0, 4, 158.33
1638732004, 0, 315, 491, 458, 284, 4.90%, 0, 0, 4, 165.55
1638732030, 0, 315, 494, 461, 284, 4.94%, 0, 0, 4, 157.75
1638732081, 0, 315, 495, 462, 284, 4.94%, 0, 0, 4, 159.46
1638732092, 0, 315, 496, 463, 284, 4.97%, 0, 0, 4, 160.22
1638732102, 0, 315, 497, 464, 284, 4.97%, 0, 0, 4, 159.45
1638732127, 0, 320, 497, 463, 290, 4.97%, 0, 0, 4, 157.08
1638732184, 0, 320, 498, 464, 290, 4.97%, 0, 0, 4, 154.67
1638732194, 0, 329, 498, 463, 289, 4.97%, 0, 0, 4, 157.36
1638732312, 0, 333, 498, 462, 288, 4.97%, 0, 0, 4, 163.87
1638732435, 0, 333, 499, 463, 288, 4.97%, 0, 0, 4, 153.87
1638732445, 0, 342, 500, 463, 287, 4.99%, 0, 0, 5, 158.35
1638732578, 0, 346, 500, 462, 287, 4.99%, 0, 0, 5, 159.46
1638732583, 0, 346, 506, 468, 287, 4.99%, 0, 0, 5, 149.31
1638732588, 0, 346, 507, 469, 287, 5.00%, 0, 0, 5, 149.39
1638732593, 0, 346, 508, 470, 287, 5.00%, 0, 0, 5, 145.87
1638732599, 0, 346, 509, 471, 287, 5.00%, 0, 0, 5, 145.06
1638732619, 0, 346, 511, 473, 287, 5.00%, 0, 0, 5, 143.40
1638732650, 0, 346, 512, 474, 287, 5.00%, 0, 0, 5, 144.62
1638732680, 0, 346, 513, 475, 287, 5.00%, 0, 0, 5, 143.16
1638732726, 0, 346, 514, 476, 287, 5.00%, 0, 0, 5, 143.01
1638732742, 0, 346, 515, 477, 287, 5.00%, 0, 0, 5, 141.45
1638732767, 0, 346, 516, 478, 287, 5.00%, 0, 0, 5, 143.47
1638732778, 0, 346, 517, 479, 287, 5.00%, 0, 0, 5, 141.72
1638732813, 0, 346, 518, 480, 287, 5.00%, 0, 0, 5, 143.71
1638732910, 0, 385, 520, 481, 289, 5.02%, 0, 0, 5, 1549.12
1638732962, 0, 386, 520, 480, 290, 5.02%, 0, 0, 5, 148.32
1638732967, 0, 386, 526, 486, 290, 5.04%, 0, 0, 5, 146.46
1638732972, 0, 386, 529, 489, 290, 5.04%, 0, 0, 5, 148.58
1638732977, 0, 386, 531, 491, 290, 5.04%, 0, 0, 5, 146.62
1638733013, 0, 386, 539, 499, 290, 5.09%, 0, 0, 5, 146.77
1638733074, 0, 386, 540, 500, 290, 5.09%, 0, 0, 5, 147.59
1638733094, 0, 388, 542, 501, 299, 5.10%, 0, 0, 5, 157.89
1638733228, 0, 389, 544, 502, 300, 5.11%, 0, 0, 5, 167.67
1638733238, 0, 389, 545, 503, 300, 5.12%, 0, 0, 5, 166.71
1638733371, 0, 390, 545, 502, 302, 5.12%, 0, 0, 5, 162.95
1638733514, 0, 398, 545, 501, 301, 5.12%, 0, 0, 5, 160.53
1638733519, 0, 398, 546, 502, 301, 5.12%, 0, 0, 5, 155.08
1638733657, 0, 400, 547, 502, 301, 5.12%, 0, 0, 5, 159.19
1638733790, 0, 403, 547, 501, 301, 5.12%, 0, 0, 5, 160.95
1638733800, 0, 403, 548, 502, 301, 5.12%, 0, 0, 5, 156.67
1638733923, 0, 403, 549, 503, 301, 5.12%, 0, 0, 5, 143.52
1638733933, 0, 406, 549, 502, 302, 5.12%, 0, 0, 5, 158.80
1638733938, 0, 406, 552, 505, 302, 5.12%, 0, 0, 5, 156.99
1638734025, 0, 406, 553, 506, 302, 5.13%, 0, 0, 5, 156.55
1638734066, 0, 407, 553, 505, 303, 5.13%, 0, 0, 5, 156.31
1638734194, 0, 409, 553, 504, 302, 5.13%, 0, 0, 5, 160.44
1638734199, 0, 409, 556, 507, 302, 5.13%, 0, 0, 5, 151.46
1638734317, 0, 409, 557, 508, 302, 5.13%, 0, 0, 5, 145.78
1638734322, 0, 409, 558, 509, 302, 5.13%, 0, 0, 5, 146.04
1638734373, 0, 410, 559, 509, 305, 5.14%, 0, 0, 5, 150.69
1638734378, 0, 410, 562, 512, 305, 5.15%, 0, 0, 5, 141.76
1638734388, 0, 410, 565, 515, 305, 5.20%, 0, 0, 5, 144.07
1638734398, 0, 410, 566, 516, 305, 5.20%, 0, 0, 5, 144.03
1638734424, 0, 410, 570, 520, 305, 5.28%, 0, 0, 5, 143.92
1638734454, 0, 410, 572, 522, 305, 5.32%, 0, 0, 5, 145.15
1638734485, 0, 410, 578, 528, 305, 5.33%, 0, 0, 5, 144.60
1638734515, 0, 412, 580, 529, 322, 5.34%, 0, 0, 5, 150.74
1638734521, 0, 412, 582, 531, 322, 5.34%, 0, 0, 5, 153.13
1638734618, 0, 412, 583, 532, 322, 5.34%, 0, 0, 5, 147.31
1638734638, 0, 412, 584, 533, 322, 5.34%, 0, 0, 5, 144.54
1638734664, 0, 416, 584, 532, 326, 5.34%, 0, 0, 5, 150.23
1638734669, 0, 416, 587, 535, 326, 5.35%, 0, 0, 5, 155.38
1638734689, 0, 416, 588, 536, 326, 5.35%, 0, 0, 5, 145.26
1638734710, 0, 416, 589, 537, 326, 5.37%, 0, 0, 5, 145.07
1638734766, 0, 416, 591, 539, 326, 5.37%, 0, 0, 5, 140.14
1638734802, 0, 421, 591, 538, 330, 5.37%, 0, 0, 5, 150.50
1638734812, 0, 421, 592, 539, 330, 5.38%, 0, 0, 5, 147.06
1638734822, 0, 421, 593, 540, 330, 5.38%, 0, 0, 5, 141.29
1638734935, 0, 425, 593, 539, 331, 5.38%, 0, 0, 5, 154.47
1638734945, 0, 425, 595, 541, 331, 5.39%, 0, 0, 5, 147.79
1638734950, 0, 425, 596, 542, 331, 5.39%, 0, 0, 5, 146.49
1638735068, 0, 426, 596, 541, 333, 5.39%, 0, 0, 5, 151.71
1638735073, 0, 426, 600, 545, 333, 5.42%, 0, 0, 5, 153.06
1638735078, 0, 426, 601, 546, 333, 5.42%, 0, 0, 5, 150.25
1638735103, 0, 426, 602, 547, 333, 5.42%, 0, 0, 5, 142.91
1638735201, 0, 441, 603, 547, 336, 5.42%, 0, 0, 5, 148.34
1638735206, 0, 441, 608, 552, 336, 5.45%, 0, 0, 5, 146.47
1638735211, 0, 441, 610, 554, 336, 5.46%, 0, 0, 5, 147.70
1638735236, 0, 441, 611, 555, 336, 5.46%, 0, 0, 5, 142.05
1638735287, 0, 441, 612, 556, 336, 5.46%, 0, 0, 5, 143.96
1638735293, 0, 441, 613, 557, 336, 5.46%, 0, 0, 5, 141.14
1638735298, 0, 441, 615, 559, 336, 5.48%, 0, 0, 5, 139.40
1638735308, 0, 441, 616, 560, 336, 5.49%, 0, 0, 5, 141.56
1638735313, 0, 441, 618, 562, 336, 5.51%, 0, 0, 5, 140.47
1638735318, 0, 441, 620, 564, 336, 5.51%, 0, 0, 5, 141.93
1638735328, 0, 441, 621, 565, 336, 5.51%, 0, 0, 5, 139.49
1638735334, 0, 441, 622, 566, 336, 5.51%, 0, 0, 5, 140.58
1638735359, 0, 441, 623, 567, 336, 5.51%, 0, 0, 5, 139.98
1638735379, 0, 441, 624, 568, 336, 5.51%, 0, 0, 5, 140.93
1638735405, 0, 441, 625, 569, 336, 5.51%, 0, 0, 5, 144.06
1638735508, 0, 441, 626, 570, 336, 5.51%, 0, 0, 5, 145.32
1638735549, 0, 442, 626, 569, 350, 5.51%, 0, 0, 5, 148.65
1638735554, 0, 442, 628, 571, 350, 5.54%, 0, 0, 5, 150.80
1638735559, 0, 442, 629, 572, 350, 5.54%, 0, 0, 5, 149.12
1638735676, 0, 476, 629, 571, 352, 5.54%, 0, 0, 5, 147.56
1638735799, 0, 477, 629, 570, 351, 5.54%, 0, 0, 5, 149.29
1638735809, 0, 477, 630, 571, 351, 5.54%, 0, 0, 5, 143.73
1638735850, 0, 477, 631, 572, 351, 5.54%, 0, 0, 5, 144.39
1638735870, 0, 477, 632, 573, 351, 5.55%, 0, 0, 5, 142.36
1638735885, 0, 481, 632, 572, 352, 5.55%, 0, 0, 5, 151.23
1638735891, 0, 481, 635, 575, 352, 5.56%, 0, 0, 5, 148.51
1638735896, 0, 481, 636, 576, 352, 5.57%, 0, 0, 5, 152.85
1638735916, 0, 481, 637, 577, 352, 5.57%, 0, 0, 5, 1255.17
1638735921, 0, 482, 639, 578, 355, 5.57%, 0, 0, 5, 158.42
1638735937, 0, 482, 640, 579, 355, 5.57%, 0, 0, 5, 154.30
1638736003, 0, 482, 642, 581, 355, 5.58%, 0, 0, 5, 156.11
1638736013, 0, 482, 643, 582, 355, 5.58%, 0, 0, 5, 157.05
1638736044, 0, 484, 644, 582, 359, 5.60%, 0, 0, 5, 159.00
1638736049, 0, 484, 652, 590, 359, 5.73%, 0, 0, 5, 160.50
1638736054, 0, 484, 653, 591, 359, 5.74%, 0, 0, 5, 158.12
1638736136, 0, 484, 654, 592, 359, 5.74%, 0, 0, 5, 156.19
1638736182, 0, 487, 657, 594, 369, 5.76%, 0, 0, 5, 161.43
1638736326, 0, 499, 663, 599, 371, 5.78%, 0, 0, 6, 163.09
1638736418, 0, 499, 664, 600, 371, 5.79%, 0, 0, 6, 157.56
1638736459, 0, 502, 664, 599, 375, 5.79%, 0, 0, 6, 157.52
1638736464, 0, 502, 673, 608, 375, 5.83%, 0, 0, 6, 152.25
1638736551, 0, 502, 674, 609, 375, 5.83%, 0, 0, 6, 143.95
1638736581, 0, 502, 678, 613, 375, 5.84%, 0, 0, 6, 146.44
1638736602, 0, 502, 679, 614, 375, 5.84%, 0, 0, 6, 142.83
1638736729, 0, 502, 680, 615, 375, 5.86%, 0, 0, 6, 142.26
1638736750, 0, 503, 680, 614, 384, 5.86%, 0, 0, 6, 150.45
1638736887, 0, 521, 680, 613, 383, 5.86%, 0, 0, 6, 148.68
1638736893, 0, 521, 685, 618, 383, 5.86%, 0, 0, 6, 155.70
1638736934, 0, 521, 686, 619, 383, 5.86%, 0, 0, 6, 143.94
1638737005, 0, 521, 687, 620, 383, 5.86%, 0, 0, 6, 143.98
1638737026, 0, 540, 687, 619, 382, 5.86%, 0, 0, 6, 153.05
1638737154, 0, 542, 687, 618, 381, 5.86%, 0, 0, 6, 161.03
1638737291, 0, 544, 687, 617, 380, 5.86%, 0, 0, 6, 163.92
1638737378, 0, 544, 688, 618, 380, 5.86%, 0, 0, 6, 162.96
1638737425, 0, 546, 689, 618, 380, 5.86%, 0, 0, 6, 152.51
1638737563, 0, 547, 689, 617, 380, 5.86%, 0, 0, 6, 173.36
1638737604, 0, 559, 690, 617, 379, 5.87%, 0, 0, 6, 165.02
1638737742, 0, 559, 691, 618, 379, 5.89%, 0, 0, 6, 145.69
1638737752, 0, 559, 692, 619, 379, 5.89%, 0, 0, 6, 147.92
1638737768, 0, 559, 693, 620, 379, 5.89%, 0, 0, 6, 142.10
1638737819, 0, 559, 694, 621, 379, 5.89%, 0, 0, 6, 143.13
1638737880, 0, 559, 695, 622, 379, 5.89%, 0, 0, 6, 141.57
1638737957, 0, 563, 695, 621, 380, 5.89%, 0, 0, 6, 151.99
1638737962, 0, 563, 696, 622, 380, 5.90%, 0, 0, 6, 144.02
1638737967, 0, 563, 697, 623, 380, 5.90%, 0, 0, 6, 143.34
1638738013, 0, 563, 698, 624, 380, 5.90%, 0, 0, 6, 136.30
1638738100, 0, 567, 699, 624, 382, 5.91%, 0, 0, 6, 150.35
1638738105, 0, 567, 702, 627, 382, 5.91%, 0, 0, 6, 150.18
1638738125, 0, 567, 704, 629, 382, 5.92%, 0, 0, 6, 142.17
1638738228, 0, 567, 705, 630, 382, 5.92%, 0, 0, 6, 141.43
1638738248, 0, 570, 705, 629, 388, 5.92%, 0, 0, 6, 146.86
1638738258, 0, 570, 707, 631, 388, 5.94%, 0, 0, 6, 144.32
1638738314, 0, 579, 710, 633, 389, 5.94%, 0, 0, 6, 1308.29
1638738416, 0, 584, 710, 632, 391, 5.94%, 0, 0, 6, 148.20
1638738518, 0, 584, 711, 633, 391, 5.94%, 0, 0, 6, 145.31
1638738549, 0, 591, 711, 632, 391, 5.94%, 0, 0, 6, 150.65
1638738554, 0, 591, 712, 633, 391, 5.95%, 0, 0, 6, 146.26
1638738574, 0, 591, 713, 634, 391, 5.95%, 0, 0, 6, 144.79
1638738687, 0, 592, 713, 633, 392, 5.95%, 0, 0, 6, 150.78
1638738692, 0, 592, 715, 635, 392, 5.95%, 0, 0, 6, 152.78
1638738810, 0, 592, 716, 636, 392, 5.96%, 0, 0, 6, 145.57
1638738830, 0, 593, 716, 635, 393, 5.96%, 0, 0, 6, 168.50
1638738876, 0, 594, 717, 635, 392, 5.97%, 0, 0, 6, 159.00
1638739019, 0, 599, 718, 635, 392, 5.97%, 0, 0, 6, 154.33
1638739025, 0, 599, 722, 639, 392, 5.99%, 0, 0, 6, 150.57
1638739055, 0, 599, 727, 644, 392, 6.00%, 0, 0, 6, 144.34
1638739142, 0, 599, 730, 647, 392, 6.00%, 0, 0, 6, 139.17
1638739147, 0, 599, 731, 648, 392, 6.00%, 0, 0, 6, 140.67
1638739152, 0, 599, 732, 649, 392, 6.00%, 0, 0, 6, 139.12
1638739182, 0, 599, 733, 650, 392, 6.00%, 0, 0, 6, 144.81
1638739229, 0, 599, 734, 651, 392, 6.00%, 0, 0, 6, 141.03
1638739239, 0, 599, 735, 652, 392, 6.00%, 0, 0, 6, 137.42
1638739244, 0, 599, 736, 653, 392, 6.00%, 0, 0, 6, 142.29
1638739264, 0, 599, 737, 654, 392, 6.00%, 0, 0, 6, 139.60
1638739372, 0, 626, 738, 654, 401, 6.00%, 0, 0, 6, 151.32
1638739377, 0, 626, 741, 657, 401, 6.02%, 0, 0, 6, 157.62
1638739387, 0, 626, 742, 658, 401, 6.02%, 0, 0, 6, 145.05
1638739407, 0, 626, 743, 659, 401, 6.02%, 0, 0, 6, 143.32
1638739412, 0, 626, 745, 661, 401, 6.02%, 0, 0, 6, 145.58
1638739489, 0, 626, 746, 662, 401, 6.03%, 0, 0, 6, 143.29
1638739515, 0, 631, 747, 662, 406, 6.03%, 0, 0, 6, 150.49
1638739520, 0, 631, 748, 663, 406, 6.03%, 0, 0, 6, 151.76
1638739596, 0, 634, 748, 662, 406, 6.03%, 0, 0, 6, 151.02
1638739601, 0, 634, 749, 663, 406, 6.03%, 0, 0, 6, 159.46
1638739627, 0, 634, 750, 664, 406, 6.03%, 0, 0, 6, 144.88
1638739713, 0, 635, 751, 664, 407, 6.06%, 0, 0, 6, 148.47
1638739734, 0, 635, 752, 665, 407, 6.06%, 0, 0, 6, 150.57
1638739841, 0, 642, 753, 665, 407, 6.06%, 0, 0, 6, 157.94
1638739969, 0, 642, 754, 666, 407, 6.07%, 0, 0, 6, 157.70
1638739979, 0, 643, 760, 671, 408, 6.25%, 0, 0, 6, 164.47
1638739984, 0, 643, 761, 672, 408, 6.27%, 0, 0, 6, 168.18
1638739995, 0, 643, 762, 673, 408, 6.27%, 0, 0, 6, 160.03
1638740000, 0, 643, 763, 674, 408, 6.28%, 0, 0, 6, 160.93
1638740005, 0, 643, 764, 675, 408, 6.28%, 0, 0, 6, 161.92
1638740081, 0, 643, 765, 676, 408, 6.31%, 0, 0, 6, 160.24
1638740097, 0, 643, 767, 678, 408, 6.32%, 0, 0, 6, 159.60
1638740133, 0, 643, 768, 679, 408, 6.32%, 0, 0, 6, 159.18
1638740174, 0, 647, 778, 688, 417, 6.41%, 0, 0, 6, 160.90
1638740179, 0, 647, 785, 695, 417, 6.42%, 0, 0, 6, 162.41
1638740184, 0, 647, 790, 700, 417, 6.47%, 0, 0, 6, 159.21
1638740261, 0, 647, 791, 701, 417, 6.48%, 0, 0, 6, 158.88
1638740271, 0, 647, 792, 702, 417, 6.48%, 0, 0, 6, 156.63
1638740317, 0, 647, 793, 703, 417, 6.48%, 0, 0, 6, 153.16
1638740332, 0, 648, 798, 707, 435, 6.55%, 0, 0, 6, 155.89
1638740342, 0, 648, 799, 708, 435, 6.65%, 0, 0, 6, 154.20
1638740424, 0, 648, 800, 709, 435, 6.65%, 0, 0, 6, 156.33
1638740465, 0, 649, 800, 708, 441, 6.65%, 0, 0, 6, 160.44
1638740593, 0, 650, 800, 707, 440, 6.65%, 0, 0, 6, 165.12
1638740721, 0, 654, 800, 706, 439, 6.65%, 0, 0, 6, 159.96
1638740870, 0, 655, 802, 707, 438, 6.66%, 0, 0, 6, 163.33
1638740983, 0, 655, 803, 708, 438, 6.66%, 0, 0, 6, 162.39
1638741004, 0, 655, 804, 709, 438, 6.67%, 0, 0, 6, 159.04
1638741024, 0, 657, 804, 708, 441, 6.67%, 0, 0, 6, 164.38
1638741029, 0, 657, 805, 709, 441, 6.68%, 0, 0, 7, 158.60
1638741162, 0, 666, 810, 713, 441, 6.68%, 0, 0, 7, 148.22
1638741167, 0, 666, 811, 714, 441, 6.68%, 0, 0, 7, 151.59
1638741295, 0, 667, 811, 713, 445, 6.68%, 0, 0, 7, 150.87
1638741300, 0, 667, 812, 714, 445, 6.69%, 0, 0, 7, 151.55
1638741320, 0, 669, 812, 713, 444, 6.69%, 0, 0, 7, 851.84
1638741325, 0, 669, 816, 717, 444, 6.71%, 0, 0, 7, 147.51
1638741453, 0, 670, 817, 717, 447, 6.71%, 0, 0, 7, 148.62
1638741458, 0, 670, 819, 719, 447, 6.72%, 0, 0, 7, 147.29
1638741555, 0, 670, 820, 720, 447, 6.73%, 0, 0, 7, 143.82
1638741585, 0, 671, 821, 720, 450, 6.73%, 0, 0, 7, 151.35
1638741591, 0, 671, 823, 722, 450, 6.74%, 0, 0, 7, 151.18
1638741723, 0, 672, 824, 722, 452, 6.74%, 0, 0, 7, 149.76
1638741855, 0, 675, 830, 727, 452, 6.76%, 0, 0, 7, 146.42
1638741860, 0, 675, 831, 728, 452, 6.76%, 0, 0, 7, 143.31
1638741876, 0, 675, 833, 730, 452, 6.77%, 0, 0, 7, 138.82
1638741896, 0, 675, 836, 733, 452, 6.79%, 0, 0, 7, 140.36
1638741942, 0, 675, 837, 734, 452, 6.79%, 0, 0, 7, 143.87
1638741973, 0, 675, 839, 736, 452, 6.79%, 0, 0, 7, 140.36
1638741993, 0, 675, 840, 737, 452, 6.79%, 0, 0, 7, 141.67
1638742079, 0, 679, 840, 736, 460, 6.79%, 0, 0, 7, 148.53
1638742084, 0, 679, 843, 739, 460, 6.79%, 0, 0, 7, 145.41
1638742207, 0, 688, 844, 739, 461, 6.79%, 0, 0, 7, 152.64
1638742345, 0, 700, 845, 739, 461, 6.80%, 0, 0, 7, 155.42
1638742355, 0, 700, 846, 740, 461, 6.80%, 0, 0, 7, 144.04
1638742483, 0, 704, 848, 741, 462, 6.80%, 0, 0, 7, 145.75
1638742488, 0, 704, 850, 743, 462, 6.81%, 0, 0, 7, 149.89
1638742564, 0, 704, 851, 744, 462, 6.82%, 0, 0, 7, 143.65
1638742590, 0, 704, 852, 745, 462, 6.82%, 0, 0, 7, 141.92
1638742605, 0, 705, 852, 744, 467, 6.82%, 0, 0, 7, 144.51
1638742621, 0, 705, 853, 745, 467, 6.82%, 0, 0, 7, 141.17
1638742631, 0, 705, 854, 746, 467, 6.83%, 0, 0, 7, 141.05
1638742656, 0, 705, 856, 748, 467, 6.85%, 0, 0, 7, 140.28
1638742707, 0, 705, 857, 749, 467, 6.85%, 0, 0, 7, 118.18
1638742713, 0, 705, 858, 750, 467, 6.87%, 0, 0, 7, 125.82
1638742733, 0, 705, 860, 752, 467, 6.87%, 0, 0, 7, 141.19
1638742784, 0, 705, 862, 754, 467, 6.88%, 0, 0, 7, 142.41
1638742963, 0, 706, 862, 753, 473, 6.88%, 0, 0, 7, 147.36
1638742978, 0, 706, 863, 754, 473, 6.88%, 0, 0, 7, 141.23
1638743085, 0, 706, 864, 755, 473, 6.89%, 0, 0, 7, 143.38
1638743100, 0, 707, 865, 755, 474, 6.89%, 0, 0, 7, 148.89
1638743264, 0, 711, 865, 754, 474, 6.89%, 0, 0, 7, 139.94
1638743274, 0, 711, 866, 755, 474, 6.90%, 0, 0, 7, 151.15
1638743290, 0, 711, 867, 756, 474, 6.90%, 0, 0, 7, 144.75
1638743402, 0, 712, 867, 755, 475, 6.90%, 0, 0, 7, 146.17
1638743530, 0, 715, 868, 755, 474, 6.90%, 0, 0, 7, 150.92
1638743535, 0, 715, 873, 760, 474, 6.91%, 0, 0, 7, 151.35
1638743540, 0, 715, 874, 761, 474, 6.91%, 0, 0, 7, 146.96
1638743545, 0, 715, 875, 762, 474, 6.91%, 0, 0, 7, 146.11
1638743556, 0, 715, 876, 763, 474, 6.91%, 0, 0, 7, 144.47
1638743566, 0, 715, 877, 764, 474, 6.91%, 0, 0, 7, 142.62
1638743576, 0, 715, 882, 769, 474, 6.92%, 0, 0, 7, 143.53
1638743668, 0, 715, 883, 770, 474, 6.92%, 0, 0, 7, 143.34
1638743684, 0, 716, 883, 769, 484, 6.92%, 0, 0, 7, 151.47
1638743689, 0, 716, 888, 774, 484, 6.99%, 0, 0, 7, 154.12
1638743694, 0, 716, 889, 775, 484, 6.99%, 0, 0, 7, 154.89
1638743775, 0, 716, 890, 776, 484, 6.99%, 0, 0, 7, 149.45
1638743780, 0, 716, 895, 781, 484, 7.06%, 0, 0, 7, 149.57
1638743816, 0, 716, 896, 782, 484, 7.06%, 0, 0, 7, 153.03
1638743836, 0, 722, 896, 781, 495, 7.06%, 0, 0, 7, 152.30
1638743969, 0, 734, 898, 782, 494, 7.06%, 0, 0, 7, 149.25
1638744097, 0, 738, 898, 781, 495, 7.06%, 0, 0, 7, 151.11
1638744219, 0, 745, 899, 781, 494, 7.06%, 0, 0, 7, 154.18
1638744224, 0, 745, 904, 786, 494, 7.06%, 0, 0, 7, 152.43
1638744229, 0, 745, 905, 787, 494, 7.06%, 0, 0, 7, 147.83
1638744235, 0, 745, 907, 789, 494, 7.07%, 0, 0, 7, 145.48
1638744266, 0, 745, 912, 794, 494, 7.15%, 0, 0, 7, 144.98
1638744311, 0, 751, 912, 793, 501, 7.15%, 0, 0, 7, 1758.14
1638744357, 0, 752, 913, 793, 500, 7.15%, 0, 0, 7, 160.59
1638744490, 0, 753, 913, 792, 500, 7.15%, 0, 0, 7, 157.74
1638744496, 0, 753, 914, 793, 500, 7.16%, 0, 0, 7, 160.60
1638744624, 0, 764, 914, 792, 500, 7.16%, 0, 0, 7, 159.73
1638744629, 0, 764, 921, 799, 500, 7.21%, 0, 0, 7, 150.17
1638744634, 0, 764, 923, 801, 500, 7.21%, 0, 0, 7, 153.51
1638744639, 0, 764, 925, 803, 500, 7.22%, 0, 0, 7, 149.20
1638744711, 0, 764, 926, 804, 500, 7.22%, 0, 0, 7, 152.86
1638744726, 0, 764, 927, 805, 500, 7.22%, 0, 0, 7, 143.80
1638744757, 0, 769, 932, 809, 508, 7.24%, 0, 0, 7, 156.40
1638744885, 0, 770, 932, 808, 511, 7.24%, 0, 0, 7, 162.28
1638744890, 0, 770, 941, 817, 511, 7.27%, 0, 0, 7, 164.35
1638745003, 0, 770, 942, 818, 511, 7.27%, 0, 0, 7, 157.51
1638745028, 0, 771, 942, 817, 516, 7.27%, 0, 0, 7, 160.03
1638745034, 0, 771, 943, 818, 516, 7.28%, 0, 0, 7, 160.34
1638745157, 0, 773, 943, 817, 516, 7.28%, 0, 0, 7, 157.86
1638745162, 0, 773, 952, 826, 516, 7.32%, 0, 0, 7, 164.44
1638745167, 0, 773, 953, 827, 516, 7.33%, 0, 0, 7, 160.94
1638745285, 0, 802, 953, 826, 518, 7.33%, 0, 0, 7, 186.36
1638745290, 0, 802, 954, 827, 518, 7.33%, 0, 0, 7, 171.76
1638745413, 0, 804, 958, 830, 518, 7.35%, 0, 0, 8, 161.72
1638745505, 0, 804, 959, 831, 518, 7.35%, 0, 0, 8, 156.78
1638745546, 0, 843, 959, 830, 522, 7.35%, 0, 0, 8, 158.70
1638745684, 0, 845, 959, 829, 521, 7.35%, 0, 0, 8, 150.66
1638745689, 0, 845, 962, 832, 521, 7.40%, 0, 0, 8, 151.64
1638745699, 0, 845, 963, 833, 521, 7.40%, 0, 0, 8, 141.51
1638745735, 0, 845, 968, 838, 521, 7.41%, 0, 0, 8, 140.92
1638745812, 0, 848, 968, 837, 528, 7.41%, 0, 0, 8, 136.82
1638745924, 0, 859, 968, 836, 527, 7.41%, 0, 0, 8, 147.31
1638746032, 0, 859, 969, 837, 527, 7.41%, 0, 0, 8, 142.91
1638746058, 0, 865, 969, 836, 527, 7.41%, 0, 0, 8, 148.80
1638746191, 0, 868, 969, 835, 526, 7.41%, 0, 0, 8, 146.29
1638746196, 0, 868, 971, 837, 526, 7.41%, 0, 0, 8, 146.11
1638746339, 0, 877, 971, 836, 527, 7.41%, 0, 0, 8, 148.65
1638746344, 0, 877, 972, 837, 527, 7.42%, 0, 0, 8, 148.55
1638746416, 0, 878, 973, 837, 527, 7.42%, 0, 0, 8, 1305.99
1638746507, 0, 879, 973, 836, 525, 7.42%, 0, 0, 8, 150.17
1638746640, 0, 879, 974, 837, 525, 7.42%, 0, 0, 8, 142.41
1638746661, 0, 883, 974, 836, 525, 7.42%, 0, 0, 8, 154.17
1638746666, 0, 883, 976, 838, 525, 7.43%, 0, 0, 8, 156.40
1638746671, 0, 883, 978, 840, 525, 7.45%, 0, 0, 8, 151.85
1638746691, 0, 883, 982, 844, 525, 7.49%, 0, 0, 8, 155.10
1638746752, 0, 883, 983, 845, 525, 7.61%, 0, 0, 8, 154.45
1638746768, 0, 883, 984, 846, 525, 7.63%, 0, 0, 8, 149.11
1638746798, 0, 886, 984, 845, 531, 7.63%, 0, 0, 8, 155.45
1638746803, 0, 886, 988, 849, 531, 7.65%, 0, 0, 8, 149.77
1638746808, 0, 886, 989, 850, 531, 7.67%, 0, 0, 8, 154.18
1638746937, 0, 888, 989, 849, 534, 7.67%, 0, 0, 8, 156.46
1638747028, 0, 888, 990, 850, 534, 7.70%, 0, 0, 8, 154.03
1638747069, 0, 889, 990, 849, 534, 7.70%, 0, 0, 8, 157.87
1638747074, 0, 889, 991, 850, 534, 7.70%, 0, 0, 8, 156.56
1638747202, 0, 895, 995, 853, 534, 7.73%, 0, 0, 8, 156.06
1638747207, 0, 895, 997, 855, 534, 7.73%, 0, 0, 8, 155.80
1638747335, 0, 907, 997, 854, 538, 7.73%, 0, 0, 8, 149.80
1638747458, 0, 908, 1000, 856, 537, 7.74%, 0, 0, 8, 146.45
1638747463, 0, 908, 1006, 862, 537, 7.77%, 0, 0, 8, 154.14
1638747468, 0, 908, 1007, 863, 537, 7.77%, 0, 0, 8, 139.95
1638747478, 0, 908, 1008, 864, 537, 7.77%, 0, 0, 8, 140.80
1638747499, 0, 908, 1010, 866, 537, 7.77%, 0, 0, 8, 140.27
1638747504, 0, 908, 1011, 867, 537, 7.78%, 0, 0, 8, 140.62
1638747540, 0, 908, 1012, 868, 537, 7.78%, 0, 0, 8, 140.72
1638747545, 0, 908, 1013, 869, 537, 7.79%, 0, 0, 8, 139.70
1638747575, 0, 910, 1013, 868, 550, 7.79%, 0, 0, 8, 149.73
1638747703, 0, 914, 1015, 869, 549, 7.79%, 0, 0, 8, 154.86
1638747709, 0, 914, 1016, 870, 549, 7.80%, 0, 0, 8, 157.20
1638747765, 0, 914, 1018, 872, 549, 7.80%, 0, 0, 8, 155.41
1638747811, 0, 916, 1020, 873, 551, 7.82%, 0, 0, 8, 158.77
1638747944, 0, 917, 1021, 873, 551, 7.83%, 0, 0, 8, 156.10
1638748077, 0, 930, 1021, 872, 551, 7.83%, 0, 0, 8, 158.65
1638748204, 0, 931, 1021, 871, 550, 7.83%, 0, 0, 8, 160.19
1638748215, 0, 931, 1022, 872, 550, 7.83%, 0, 0, 8, 157.56
1638748333, 0, 938, 1022, 871, 549, 7.83%, 0, 0, 8, 158.50
1638748338, 0, 938, 1025, 874, 549, 7.85%, 0, 0, 8, 161.94
1638748461, 0, 940, 1025, 873, 550, 7.85%, 0, 0, 8, 159.29
1638748466, 0, 940, 1027, 875, 550, 7.85%, 0, 0, 8, 157.08
1638748589, 0, 942, 1029, 876, 550, 7.86%, 0, 0, 8, 161.71
1638748718, 0, 943, 1029, 875, 551, 7.86%, 0, 0, 8, 161.47
1638748723, 0, 943, 1037, 883, 551, 7.90%, 0, 0, 8, 163.38
1638748851, 0, 944, 1037, 882, 552, 7.90%, 0, 0, 8, 105.88
1638748985, 0, 951, 1040, 884, 551, 7.91%, 0, 0, 8, 157.56
1638749113, 0, 954, 1043, 886, 552, 7.97%, 0, 0, 9, 160.15
1638749205, 0, 954, 1044, 887, 552, 7.98%, 0, 0, 9, 157.31
1638749256, 0, 962, 1044, 886, 555, 7.98%, 0, 0, 9, 150.44
1638749261, 0, 962, 1046, 888, 555, 7.99%, 0, 0, 9, 151.33
1638749394, 0, 971, 1046, 887, 556, 7.99%, 0, 0, 9, 140.42
1638749419, 0, 971, 1047, 888, 556, 7.99%, 0, 0, 9, 932.10
1638749435, 0, 975, 1047, 887, 556, 7.99%, 0, 0, 9, 145.46
1638749583, 0, 977, 1047, 886, 555, 7.99%, 0, 0, 9, 151.30
1638749588, 0, 977, 1048, 887, 555, 8.00%, 0, 0, 9, 156.48
1638749721, 0, 978, 1051, 889, 555, 8.02%, 0, 0, 9, 153.83
1638749813, 0, 978, 1053, 891, 555, 8.03%, 0, 0, 9, 154.21
1638749864, 0, 979, 1054, 891, 558, 8.04%, 0, 0, 9, 153.12
1638750006, 0, 980, 1054, 890, 558, 8.04%, 0, 0, 9, 151.13
1638750155, 0, 981, 1055, 890, 557, 8.06%, 0, 0, 9, 160.61
1638750170, 0, 981, 1056, 891, 557, 8.07%, 0, 0, 9, 152.02
1638750293, 0, 982, 1056, 890, 558, 8.07%, 0, 0, 9, 155.64
1638750298, 0, 982, 1072, 906, 558, 8.09%, 0, 0, 9, 152.39
1638750303, 0, 982, 1074, 908, 558, 8.09%, 0, 0, 9, 152.13
1638750313, 0, 982, 1075, 909, 558, 8.09%, 0, 0, 9, 151.50
1638750328, 0, 982, 1076, 910, 558, 8.09%, 0, 0, 9, 150.00
1638750395, 0, 982, 1083, 917, 558, 8.10%, 0, 0, 9, 151.63
1638750410, 0, 982, 1084, 918, 558, 8.10%, 0, 0, 9, 150.43
1638750420, 0, 982, 1087, 921, 558, 8.10%, 0, 0, 9, 148.86
1638750425, 0, 982, 1088, 922, 558, 8.10%, 0, 0, 9, 148.37
1638750430, 0, 982, 1090, 924, 558, 8.10%, 0, 0, 9, 149.08
1638750451, 0, 982, 1091, 925, 558, 8.10%, 0, 0, 9, 149.49
1638750456, 0, 982, 1092, 926, 558, 8.10%, 0, 0, 9, 150.21
1638750466, 0, 982, 1094, 928, 558, 8.10%, 0, 0, 9, 149.17
1638750471, 0, 982, 1095, 929, 558, 8.10%, 0, 0, 9, 147.94
1638750491, 0, 982, 1096, 930, 558, 8.10%, 0, 0, 9, 149.22
1638750497, 0, 982, 1097, 931, 558, 8.10%, 0, 0, 9, 148.76
1638750584, 0, 990, 1099, 932, 572, 8.10%, 0, 0, 9, 153.74
1638750671, 0, 990, 1100, 933, 572, 8.11%, 0, 0, 9, 152.19
1638750722, 0, 991, 1100, 932, 573, 8.11%, 0, 0, 9, 152.34
1638750727, 0, 991, 1106, 938, 573, 8.11%, 0, 0, 9, 151.19
1638750732, 0, 991, 1107, 939, 573, 8.11%, 0, 0, 9, 152.82
1638750855, 0, 991, 1109, 941, 573, 8.11%, 0, 0, 9, 148.43
1638750865, 0, 991, 1111, 943, 573, 8.22%, 0, 0, 9, 147.84
1638750896, 0, 991, 1113, 945, 573, 8.24%, 0, 0, 9, 147.29
1638750911, 0, 991, 1114, 946, 573, 8.24%, 0, 0, 9, 146.84
1638751018, 0, 992, 1114, 945, 577, 8.24%, 0, 0, 9, 150.12
1638751034, 0, 992, 1115, 946, 577, 8.25%, 0, 0, 9, 151.97
1638751161, 0, 993, 1115, 945, 577, 8.25%, 0, 0, 9, 158.05
1638751166, 0, 993, 1119, 949, 577, 8.25%, 0, 0, 9, 157.19
1638751289, 0, 993, 1121, 951, 577, 8.25%, 0, 0, 9, 151.18
1638751294, 0, 993, 1122, 952, 577, 8.25%, 0, 0, 9, 155.24
1638751304, 0, 993, 1124, 954, 577, 8.25%, 0, 0, 9, 154.10
1638751319, 0, 993, 1125, 955, 577, 8.25%, 0, 0, 9, 155.41
1638751340, 0, 993, 1126, 956, 577, 8.25%, 0, 0, 9, 151.00
1638751355, 0, 993, 1127, 957, 577, 8.25%, 0, 0, 9, 154.61
1638751381, 0, 993, 1128, 958, 577, 8.25%, 0, 0, 9, 150.82
1638751386, 0, 993, 1129, 959, 577, 8.25%, 0, 0, 9, 152.90
1638751401, 0, 993, 1130, 960, 577, 8.25%, 0, 0, 9, 152.86
1638751417, 0, 993, 1131, 961, 577, 8.25%, 0, 0, 9, 154.65
1638751442, 0, 993, 1132, 962, 577, 8.25%, 0, 0, 9, 150.93
1638751447, 0, 1003, 1133, 962, 579, 8.25%, 0, 0, 9, 152.61
1638751452, 0, 1003, 1134, 963, 579, 8.26%, 0, 0, 9, 148.60
1638751468, 0, 1003, 1135, 964, 579, 8.26%, 0, 0, 9, 140.93
1638751488, 0, 1003, 1136, 965, 579, 8.26%, 0, 0, 9, 143.58
1638751498, 0, 1003, 1137, 966, 579, 8.26%, 0, 0, 9, 140.04
1638751575, 0, 1023, 1139, 967, 582, 8.26%, 0, 0, 9, 149.44
1638751580, 0, 1023, 1140, 968, 582, 8.27%, 0, 0, 9, 164.77
1638751708, 0, 1028, 1140, 967, 582, 8.27%, 0, 0, 9, 153.50
1638751719, 0, 1028, 1141, 968, 582, 8.27%, 0, 0, 9, 160.10
1638751846, 0, 1029, 1147, 973, 582, 8.32%, 0, 0, 9, 160.93
1638751980, 0, 1044, 1147, 972, 585, 8.32%, 0, 0, 9, 148.71
1638751990, 0, 1044, 1151, 976, 585, 8.34%, 0, 0, 10, 149.04
1638752118, 0, 1062, 1151, 975, 587, 8.34%, 0, 0, 10, 147.57
1638752123, 0, 1062, 1152, 976, 587, 8.34%, 0, 0, 10, 152.59
1638752133, 0, 1062, 1154, 978, 587, 8.34%, 0, 0, 10, 147.48
1638752164, 0, 1062, 1156, 980, 587, 8.34%, 0, 0, 10, 148.36
1638752235, 0, 1062, 1157, 981, 587, 8.34%, 0, 0, 10, 151.18
1638752251, 0, 1062, 1159, 983, 587, 8.34%, 0, 0, 10, 149.62
1638752399, 0, 1099, 1160, 983, 587, 8.35%, 0, 0, 10, 156.96
1638752430, 0, 1109, 1161, 983, 587, 8.35%, 0, 0, 10, 150.62
1638752435, 0, 1109, 1163, 985, 587, 8.36%, 0, 0, 10, 152.03
1638752440, 0, 1109, 1169, 991, 587, 8.43%, 0, 0, 10, 146.41
1638752471, 0, 1109, 1174, 996, 587, 8.48%, 0, 0, 10, 145.61
1638752522, 0, 1109, 1177, 999, 587, 8.49%, 0, 0, 10, 144.66
1638752527, 0, 1109, 1182, 1004, 587, 8.52%, 0, 0, 10, 145.96
1638752532, 0, 1109, 1184, 1006, 587, 8.52%, 0, 0, 10, 145.00
1638752537, 0, 1109, 1190, 1012, 587, 8.55%, 0, 0, 10, 143.95
1638752542, 0, 1109, 1191, 1013, 587, 8.55%, 0, 0, 10, 143.25
1638752547, 0, 1109, 1200, 1022, 587, 8.58%, 0, 0, 10, 142.67
1638752552, 0, 1109, 1206, 1028, 587, 8.60%, 0, 0, 10, 140.15
1638752558, 0, 1109, 1209, 1031, 587, 8.60%, 0, 0, 10, 143.35
1638752563, 0, 1109, 1211, 1033, 587, 8.62%, 0, 0, 10, 145.24
1638752568, 0, 1109, 1214, 1036, 587, 8.62%, 0, 0, 10, 144.51
1638752573, 0, 1109, 1215, 1037, 587, 8.62%, 0, 0, 10, 142.82
1638752583, 0, 1109, 1216, 1038, 587, 8.63%, 0, 0, 10, 141.83
1638752598, 0, 1109, 1219, 1041, 587, 8.65%, 0, 0, 10, 143.44
1638752614, 0, 1109, 1221, 1043, 587, 8.65%, 0, 0, 10, 139.98
1638752629, 0, 1109, 1222, 1044, 587, 8.66%, 0, 0, 10, 145.52
1638752654, 0, 1109, 1223, 1045, 587, 8.66%, 0, 0, 10, 144.74
1638752721, 0, 1114, 1223, 1044, 619, 8.66%, 0, 0, 10, 153.30
1638752859, 0, 1121, 1224, 1044, 618, 8.66%, 0, 0, 10, 154.82
1638753002, 0, 1139, 1226, 1045, 618, 8.67%, 0, 0, 10, 154.22
1638753022, 0, 1139, 1228, 1047, 618, 8.68%, 0, 0, 10, 155.30
1638753099, 0, 1139, 1229, 1048, 618, 8.68%, 0, 0, 10, 156.73
1638753130, 0, 1140, 1230, 1048, 622, 8.68%, 0, 0, 10, 159.84
1638753263, 0, 1144, 1230, 1047, 622, 8.68%, 0, 0, 10, 159.97
1638753268, 0, 1144, 1233, 1050, 622, 8.68%, 0, 0, 10, 164.39
1638753396, 0, 1145, 1234, 1050, 623, 8.68%, 0, 0, 10, 159.60
1638753529, 0, 1149, 1234, 1049, 623, 8.68%, 0, 0, 10, 158.23
1638753539, 0, 1149, 1237, 1052, 623, 8.69%, 0, 0, 11, 146.84
1638753667, 0, 1159, 1237, 1051, 625, 8.69%, 0, 0, 11, 151.81
1638753805, 0, 1173, 1237, 1050, 624, 8.69%, 0, 0, 11, 153.67
1638753922, 0, 1173, 1238, 1051, 624, 8.69%, 0, 0, 11, 143.84
1638753927, 0, 1173, 1242, 1055, 624, 8.69%, 0, 0, 11, 143.77
1638753932, 0, 1173, 1245, 1058, 624, 8.69%, 0, 0, 11, 145.60
1638753943, 0, 1173, 1248, 1061, 624, 8.69%, 0, 0, 11, 143.83
1638753948, 0, 1173, 1252, 1065, 624, 8.69%, 0, 0, 11, 144.01
1638753953, 0, 1173, 1254, 1067, 624, 8.69%, 0, 0, 11, 142.87
1638753958, 0, 1173, 1256, 1069, 624, 8.69%, 0, 0, 11, 144.75
1638753963, 0, 1173, 1257, 1070, 624, 8.69%, 0, 0, 11, 134.91
1638753968, 0, 1173, 1258, 1071, 624, 8.69%, 0, 0, 11, 142.99
1638753973, 0, 1173, 1261, 1074, 624, 8.69%, 0, 0, 11, 144.02
1638753978, 0, 1173, 1262, 1075, 624, 8.69%, 0, 0, 11, 143.68
1638753983, 0, 1173, 1264, 1077, 624, 8.69%, 0, 0, 11, 143.31
1638753988, 0, 1173, 1266, 1079, 624, 8.69%, 0, 0, 11, 143.54
1638754024, 0, 1173, 1269, 1082, 624, 8.69%, 0, 0, 11, 144.63
1638754040, 0, 1173, 1270, 1083, 624, 8.69%, 0, 0, 11, 145.03
1638754055, 0, 1184, 1271, 1083, 622, 8.70%, 0, 0, 11, 147.78
1638754060, 0, 1184, 1272, 1084, 622, 8.71%, 0, 0, 11, 155.65
1638754172, 0, 1184, 1273, 1085, 622, 8.71%, 0, 0, 11, 144.58
1638754213, 0, 1202, 1274, 1085, 622, 8.71%, 0, 0, 11, 147.48
1638754218, 0, 1202, 1278, 1089, 622, 8.77%, 0, 0, 11, 154.10
1638754330, 0, 1202, 1279, 1090, 622, 8.77%, 0, 0, 11, 143.08
1638754351, 0, 1202, 1280, 1091, 622, 8.77%, 0, 0, 11, 145.13
1638754402, 0, 1202, 1281, 1092, 622, 8.77%, 0, 0, 11, 141.56
1638754417, 0, 1202, 1282, 1093, 622, 8.77%, 0, 0, 11, 145.04
1638754422, 0, 1202, 1283, 1094, 622, 8.77%, 0, 0, 11, 144.18
1638754453, 0, 1202, 1284, 1095, 622, 8.77%, 0, 0, 11, 141.77
1638754504, 0, 1216, 1285, 1095, 627, 8.78%, 0, 0, 11, 145.13
1638754509, 0, 1216, 1286, 1096, 627, 8.78%, 0, 0, 11, 145.70
1638754556, 0, 1216, 1287, 1097, 627, 8.80%, 0, 0, 11, 141.33
1638754601, 0, 1216, 1288, 1098, 627, 8.81%, 0, 0, 11, 139.75
1638754622, 0, 1216, 1289, 1099, 627, 8.81%, 0, 0, 11, 139.38
1638754637, 0, 1216, 1290, 1100, 627, 8.81%, 0, 0, 11, 140.34
1638754678, 0, 1216, 1291, 1101, 627, 8.81%, 0, 0, 11, 139.83
1638754755, 0, 1223, 1291, 1100, 629, 8.81%, 0, 0, 11, 147.99
1638754760, 0, 1223, 1292, 1101, 629, 8.81%, 0, 0, 11, 156.49
1638754898, 0, 1228, 1292, 1100, 629, 8.81%, 0, 0, 11, 158.60
1638755032, 0, 1232, 1292, 1099, 628, 8.81%, 0, 0, 11, 158.96
1638755170, 0, 1233, 1293, 1099, 627, 8.81%, 0, 0, 11, 159.35
1638755303, 0, 1262, 1293, 1098, 626, 8.81%, 0, 0, 11, 151.42
1638755309, 0, 1262, 1294, 1099, 626, 8.82%, 0, 0, 12, 143.69
1638755314, 0, 1262, 1295, 1100, 626, 8.82%, 0, 0, 12, 147.32
1638755406, 0, 1262, 1296, 1101, 626, 8.82%, 0, 0, 12, 142.57
1638755411, 0, 1271, 1299, 1103, 626, 8.83%, 0, 0, 12, 1603.18
1638755457, 0, 1274, 1299, 1102, 626, 8.83%, 0, 0, 12, 148.25
1638755462, 0, 1274, 1302, 1105, 626, 8.86%, 0, 0, 12, 145.81
1638755467, 0, 1274, 1304, 1107, 626, 8.87%, 0, 0, 12, 149.43
1638755482, 0, 1274, 1305, 1108, 626, 8.87%, 0, 0, 12, 145.90
1638755595, 0, 1275, 1307, 1109, 631, 8.87%, 0, 0, 12, 148.79
1638755600, 0, 1275, 1308, 1110, 631, 8.88%, 0, 0, 12, 153.62
1638755728, 0, 1276, 1310, 1111, 633, 8.88%, 0, 0, 12, 145.05
1638755733, 0, 1276, 1316, 1117, 633, 8.98%, 0, 0, 12, 133.15
1638755738, 0, 1276, 1317, 1118, 633, 8.99%, 0, 0, 12, 133.53
1638755753, 0, 1276, 1318, 1119, 633, 8.99%, 0, 0, 12, 141.01
1638755835, 0, 1276, 1319, 1120, 633, 8.99%, 0, 0, 12, 138.75
1638755861, 0, 1276, 1320, 1121, 633, 8.99%, 0, 0, 12, 143.02
1638755896, 0, 1287, 1320, 1120, 641, 8.99%, 0, 0, 12, 147.39
1638756039, 0, 1291, 1321, 1120, 640, 9.00%, 0, 0, 12, 149.04
1638756183, 0, 1298, 1321, 1119, 639, 9.00%, 0, 0, 12, 154.28
1638756367, 0, 1300, 1321, 1118, 638, 9.00%, 0, 0, 12, 143.37
1638756372, 0, 1300, 1323, 1120, 638, 9.00%, 0, 0, 13, 143.85
1638756382, 0, 1300, 1324, 1121, 638, 9.00%, 0, 0, 13, 142.34
1638756392, 0, 1300, 1325, 1122, 638, 9.00%, 0, 0, 13, 144.07
1638756464, 0, 1300, 1327, 1124, 638, 9.02%, 0, 0, 13, 142.65
1638756469, 0, 1300, 1329, 1126, 638, 9.02%, 0, 0, 13, 144.42
1638756474, 0, 1300, 1332, 1129, 638, 9.04%, 0, 0, 13, 143.14
1638756495, 0, 1300, 1333, 1130, 638, 9.05%, 0, 0, 13, 141.77
1638756530, 0, 1300, 1335, 1132, 638, 9.06%, 0, 0, 13, 141.41
1638756536, 0, 1300, 1336, 1133, 638, 9.06%, 0, 0, 13, 142.04
1638756541, 0, 1300, 1337, 1134, 638, 9.06%, 0, 0, 13, 140.78
1638756546, 0, 1300, 1339, 1136, 638, 9.07%, 0, 0, 13, 140.42
1638756551, 0, 1300, 1340, 1137, 638, 9.08%, 0, 0, 13, 140.36
1638756566, 0, 1300, 1341, 1138, 638, 9.09%, 0, 0, 13, 141.41
1638756597, 0, 1300, 1342, 1139, 638, 9.10%, 0, 0, 13, 143.68
1638756653, 0, 1300, 1343, 1140, 638, 9.10%, 0, 0, 13, 142.31
1638756664, 0, 1310, 1345, 1141, 658, 9.10%, 0, 0, 13, 146.67
1638756669, 0, 1310, 1353, 1149, 658, 9.15%, 0, 0, 13, 148.16
1638756679, 0, 1310, 1354, 1150, 658, 9.15%, 0, 0, 13, 144.32
1638756689, 0, 1310, 1357, 1153, 658, 9.15%, 0, 0, 13, 143.85
1638756715, 0, 1310, 1360, 1156, 658, 9.16%, 0, 0, 13, 143.36
1638756756, 0, 1310, 1361, 1157, 658, 9.16%, 0, 0, 13, 143.16
1638756761, 0, 1310, 1362, 1158, 658, 9.16%, 0, 0, 13, 141.79
1638756776, 0, 1310, 1363, 1159, 658, 9.16%, 0, 0, 13, 142.11
1638756802, 0, 1315, 1364, 1159, 674, 9.17%, 0, 0, 13, 142.53
1638756807, 0, 1315, 1366, 1161, 674, 9.18%, 0, 0, 13, 146.96
1638756822, 0, 1315, 1367, 1162, 674, 9.19%, 0, 0, 13, 141.63
1638756935, 0, 1318, 1367, 1161, 677, 9.19%, 0, 0, 13, 146.84
1638757072, 0, 1328, 1367, 1160, 676, 9.19%, 0, 0, 13, 147.02
1638757165, 0, 1328, 1368, 1161, 676, 9.19%, 0, 0, 14, 141.97
1638757175, 0, 1328, 1369, 1162, 676, 9.19%, 0, 0, 14, 139.47
1638757211, 0, 1333, 1369, 1161, 677, 9.19%, 0, 0, 14, 137.22
1638757221, 0, 1333, 1370, 1162, 677, 9.19%, 0, 0, 14, 150.25
1638757328, 0, 1334, 1370, 1161, 677, 9.19%, 0, 0, 14, 147.46
1638757333, 0, 1334, 1372, 1163, 677, 9.20%, 0, 0, 14, 147.09
1638757338, 0, 1334, 1374, 1165, 677, 9.22%, 0, 0, 14, 146.48
1638757451, 0, 1334, 1375, 1166, 677, 9.22%, 0, 0, 14, 141.63
1638757487, 0, 1336, 1375, 1165, 679, 9.22%, 0, 0, 14, 146.25
1638757492, 0, 1336, 1378, 1168, 679, 9.23%, 0, 0, 14, 145.44
1638757604, 0, 1340, 1378, 1167, 681, 9.23%, 0, 0, 14, 143.81
1638757696, 0, 1340, 1379, 1168, 681, 9.24%, 0, 0, 14, 142.94
1638757742, 0, 1341, 1379, 1167, 681, 9.24%, 0, 0, 14, 143.97
1638757748, 0, 1341, 1381, 1169, 681, 9.26%, 0, 0, 14, 147.54
1638757834, 0, 1341, 1382, 1170, 681, 9.27%, 0, 0, 14, 143.40
1638757860, 0, 1341, 1383, 1171, 681, 9.27%, 0, 0, 14, 141.96
1638757916, 0, 1347, 1383, 1170, 684, 9.27%, 0, 0, 14, 145.26
1638758049, 0, 1347, 1384, 1171, 684, 9.27%, 0, 0, 14, 143.02
1638758074, 0, 1353, 1384, 1170, 683, 9.27%, 0, 0, 14, 148.93
1638758202, 0, 1359, 1384, 1169, 682, 9.27%, 0, 0, 14, 152.96
1638758330, 0, 1359, 1385, 1170, 682, 9.27%, 0, 0, 14, 143.16
1638758361, 0, 1364, 1385, 1169, 682, 9.27%, 0, 0, 14, 145.00
1638758366, 0, 1364, 1387, 1171, 682, 9.28%, 0, 0, 14, 147.66
1638758417, 0, 1370, 1389, 1172, 683, 9.30%, 0, 0, 15, 1305.24
1638758529, 0, 1372, 1389, 1171, 684, 9.30%, 0, 0, 15, 148.11
1638758672, 0, 1373, 1391, 1172, 683, 9.30%, 0, 0, 15, 150.70
1638758677, 0, 1373, 1392, 1173, 683, 9.30%, 0, 0, 15, 148.59
1638758693, 0, 1373, 1393, 1174, 683, 9.31%, 0, 0, 15, 140.06
1638758815, 0, 1375, 1394, 1174, 685, 9.31%, 0, 0, 15, 145.03
1638758942, 0, 1377, 1394, 1173, 685, 9.31%, 0, 0, 15, 144.56
1638759066, 0, 1378, 1394, 1172, 684, 9.31%, 0, 0, 15, 145.54
1638759204, 0, 1379, 1395, 1172, 683, 9.31%, 0, 0, 15, 147.21
1638759209, 0, 1379, 1398, 1175, 683, 9.33%, 0, 0, 15, 150.83
1638759224, 0, 1379, 1399, 1176, 683, 9.33%, 0, 0, 15, 142.10
1638759322, 0, 1381, 1399, 1175, 687, 9.33%, 0, 0, 15, 141.95
1638759332, 0, 1381, 1400, 1176, 687, 9.34%, 0, 0, 15, 152.80
1638759434, 0, 1384, 1400, 1175, 687, 9.34%, 0, 0, 15, 151.35
1638759567, 0, 1385, 1400, 1174, 686, 9.34%, 0, 0, 15, 151.37
1638759716, 0, 1386, 1400, 1173, 685, 9.34%, 0, 0, 15, 148.49
1638759721, 0, 1386, 1401, 1174, 685, 9.35%, 0, 0, 15, 148.72
1638759854, 0, 1386, 1402, 1175, 685, 9.36%, 0, 0, 15, 140.73
1638759889, 0, 1387, 1402, 1174, 686, 9.36%, 0, 0, 15, 142.73
1638759894, 0, 1387, 1403, 1175, 686, 9.36%, 0, 0, 16, 146.41
1638759900, 0, 1387, 1405, 1177, 686, 9.37%, 0, 0, 16, 149.29
1638759915, 0, 1387, 1406, 1178, 686, 9.37%, 0, 0, 16, 146.20
1638760095, 0, 1395, 1406, 1177, 689, 9.37%, 0, 0, 16, 147.94
1638760120, 0, 1395, 1407, 1178, 689, 9.37%, 0, 0, 16, 144.25
1638760217, 0, 1399, 1408, 1178, 689, 9.37%, 0, 0, 16, 145.96
1638760222, 0, 1399, 1410, 1180, 689, 9.40%, 0, 0, 16, 144.68
1638760330, 0, 1403, 1410, 1179, 691, 9.40%, 0, 0, 16, 147.18
1638760335, 0, 1403, 1411, 1180, 691, 9.40%, 0, 0, 17, 151.22
1638760468, 0, 1405, 1411, 1179, 691, 9.40%, 0, 0, 17, 153.03
1638760473, 0, 1405, 1412, 1180, 691, 9.40%, 0, 0, 17, 150.56
1638760606, 0, 1408, 1412, 1179, 691, 9.40%, 0, 0, 17, 150.24
1638760718, 0, 1410, 1413, 1179, 690, 9.41%, 0, 0, 18, 151.84
1638760815, 0, 1411, 1413, 1178, 690, 9.41%, 0, 0, 18, 1398.97
1638760882, 1, 92, 1416, 1180, 689, 9.43%, 0, 0, 18, 153.25
1638760887, 1, 92, 1417, 1181, 689, 9.44%, 0, 0, 18, 165.10
1638760892, 1, 92, 1418, 1182, 689, 9.44%, 0, 0, 18, 161.52
1638760907, 1, 92, 1419, 1183, 689, 9.48%, 0, 0, 18, 158.56
1638760974, 1, 92, 1421, 1185, 689, 9.49%, 0, 0, 18, 156.56
1638761011, 1, 1416, 1421, 1184, 695, 9.49%, 0, 0, 18, 2.39
1638761144, 1, 1416, 1422, 1185, 695, 9.49%, 0, 0, 18, 154.66
1638761154, 2, 66, 1422, 1184, 695, 9.49%, 0, 0, 18, 170.52
1638761159, 2, 66, 1424, 1186, 695, 9.51%, 0, 0, 18, 154.95
1638761175, 2, 66, 1425, 1187, 695, 9.51%, 0, 0, 18, 141.31
1638761205, 2, 66, 1428, 1190, 695, 9.51%, 0, 0, 18, 143.83
1638761272, 2, 66, 1429, 1191, 695, 9.51%, 0, 0, 18, 141.54
1638761277, 2, 66, 1432, 1194, 695, 9.51%, 0, 0, 18, 142.93
1638761297, 2, 66, 1433, 1195, 695, 9.51%, 0, 0, 18, 139.67
1638761302, 2, 66, 1434, 1196, 695, 9.51%, 0, 0, 18, 144.41
1638761323, 2, 66, 1435, 1197, 695, 9.51%, 0, 0, 18, 141.83
1638761333, 2, 66, 1436, 1198, 695, 9.52%, 0, 0, 18, 143.30
1638761353, 2, 66, 1437, 1199, 695, 9.52%, 0, 0, 18, 142.62
1638761389, 2, 66, 1438, 1200, 695, 9.52%, 0, 0, 18, 142.29
1638761447, 2, 1422, 1438, 1199, 696, 9.52%, 0, 0, 18, 5.90
1638761453, 2, 1422, 1439, 1200, 696, 9.52%, 0, 0, 18, 156.66
1638761458, 2, 1422, 1440, 1201, 696, 9.52%, 0, 0, 18, 153.46
1638761570, 2, 1422, 1441, 1202, 696, 9.52%, 0, 0, 18, 143.58
1638761580, 2, 1422, 1442, 1203, 696, 9.52%, 0, 0, 18, 141.13
1638761611, 2, 1436, 1449, 1209, 697, 9.52%, 0, 0, 18, 147.07
1638761616, 2, 1436, 1457, 1217, 697, 9.53%, 0, 0, 18, 141.66
1638761621, 2, 1436, 1459, 1219, 697, 9.53%, 0, 0, 18, 146.64
1638761626, 2, 1436, 1460, 1220, 697, 9.53%, 0, 0, 18, 145.79
1638761667, 2, 1436, 1461, 1221, 697, 9.53%, 0, 0, 18, 137.71
1638761698, 2, 1436, 1462, 1222, 697, 9.53%, 0, 0, 18, 139.77
1638761703, 2, 1436, 1464, 1224, 697, 9.53%, 0, 0, 18, 138.37
1638761815, 2, 1436, 1465, 1225, 697, 9.53%, 0, 0, 18, 139.63
1638761820, 2, 1436, 1466, 1226, 697, 9.53%, 0, 0, 18, 139.23
1638761825, 2, 1436, 1467, 1227, 697, 9.53%, 0, 0, 18, 138.48
1638761830, 2, 1436, 1468, 1228, 697, 9.53%, 0, 0, 18, 139.08
1638761841, 2, 1436, 1469, 1229, 697, 9.53%, 0, 0, 18, 139.31
1638761856, 2, 1436, 1470, 1230, 697, 9.53%, 0, 0, 18, 138.21
1638761872, 2, 1436, 1471, 1231, 697, 9.53%, 0, 0, 18, 140.36
1638761877, 2, 1436, 1472, 1232, 697, 9.53%, 0, 0, 18, 140.79
1638761882, 2, 1436, 1473, 1233, 697, 9.53%, 0, 0, 18, 138.98
1638761897, 2, 1436, 1474, 1234, 697, 9.53%, 0, 0, 18, 138.52
1638761949, 2, 1436, 1475, 1235, 697, 9.53%, 0, 0, 18, 138.09
1638761954, 2, 1436, 1476, 1236, 697, 9.53%, 0, 0, 18, 138.44
1638761980, 2, 1436, 1477, 1237, 697, 9.53%, 0, 0, 18, 140.34
1638762000, 2, 1436, 1478, 1238, 697, 9.53%, 0, 0, 18, 141.39
1638762036, 2, 1436, 1479, 1239, 697, 9.53%, 0, 0, 18, 137.47
1638762051, 2, 1454, 1479, 1238, 702, 9.53%, 0, 0, 18, 151.27
1638762061, 2, 1454, 1480, 1239, 702, 9.54%, 0, 0, 18, 147.55
1638762230, 2, 1454, 1481, 1240, 702, 9.54%, 0, 0, 18, 139.07
1638762235, 2, 1454, 1482, 1241, 702, 9.54%, 0, 0, 18, 138.01
1638762286, 2, 1454, 1483, 1242, 702, 9.59%, 0, 0, 18, 140.29
1638762327, 2, 1454, 1484, 1243, 702, 9.60%, 0, 0, 18, 138.46
1638762378, 2, 1454, 1485, 1244, 702, 9.61%, 0, 0, 18, 138.96
1638762399, 2, 1454, 1486, 1245, 702, 9.62%, 0, 0, 18, 135.92
1638762440, 2, 1454, 1487, 1246, 702, 9.62%, 0, 0, 18, 139.34
1638762470, 2, 1455, 1488, 1246, 706, 9.62%, 0, 0, 18, 143.07
1638762475, 2, 1455, 1490, 1248, 706, 9.62%, 0, 0, 18, 142.99
1638762659, 2, 1455, 1491, 1249, 706, 9.62%, 0, 0, 18, 141.51
1638762705, 2, 1476, 1495, 1252, 706, 9.62%, 0, 0, 18, 145.98
1638762741, 2, 1476, 1496, 1253, 706, 9.62%, 0, 0, 18, 140.66
1638762873, 2, 1476, 1498, 1255, 706, 9.62%, 0, 0, 18, 142.29
1638762888, 2, 1476, 1499, 1256, 706, 9.62%, 0, 0, 18, 140.22
1638762904, 2, 1476, 1500, 1257, 706, 9.63%, 0, 0, 18, 138.13
1638762909, 2, 1476, 1501, 1258, 706, 9.63%, 0, 0, 18, 138.87
1638763042, 2, 1477, 1501, 1257, 708, 9.63%, 0, 0, 18, 137.33
1638763047, 2, 1477, 1502, 1258, 708, 9.63%, 0, 0, 18, 144.27
1638763052, 2, 1477, 1506, 1262, 708, 9.63%, 0, 0, 18, 142.47
1638763057, 2, 1477, 1508, 1264, 708, 9.63%, 0, 0, 18, 148.04
1638763067, 2, 1477, 1510, 1266, 708, 9.63%, 0, 0, 18, 138.25
1638763077, 2, 1477, 1512, 1268, 708, 9.63%, 0, 0, 18, 138.86
1638763088, 2, 1477, 1514, 1270, 708, 9.64%, 0, 0, 18, 136.82
1638763103, 2, 1477, 1518, 1274, 708, 9.64%, 0, 0, 18, 140.17
1638763139, 2, 1477, 1519, 1275, 708, 9.64%, 0, 0, 18, 140.10
1638763144, 2, 1477, 1520, 1276, 708, 9.65%, 0, 0, 18, 140.50
1638763211, 2, 1477, 1521, 1277, 708, 9.65%, 0, 0, 18, 1643.05
1638763216, 2, 1482, 1522, 1277, 718, 9.65%, 0, 0, 18, 1310.32
1638763221, 2, 1482, 1539, 1294, 718, 9.72%, 0, 0, 18, 825.26
1638763226, 2, 1482, 1541, 1296, 718, 9.72%, 0, 0, 18, 138.59
1638763231, 2, 1482, 1542, 1297, 718, 9.72%, 0, 0, 18, 138.93
1638763241, 2, 1482, 1543, 1298, 718, 9.72%, 0, 0, 18, 136.92
1638763262, 2, 1482, 1545, 1300, 718, 9.73%, 0, 0, 18, 136.43
1638763277, 2, 1482, 1546, 1301, 718, 9.73%, 0, 0, 18, 136.11
1638763333, 2, 1482, 1553, 1308, 718, 9.76%, 0, 0, 18, 136.28
1638763348, 2, 1482, 1554, 1309, 718, 9.76%, 0, 0, 18, 136.26
1638763379, 2, 1482, 1555, 1310, 718, 9.77%, 0, 0, 18, 135.61
1638763394, 2, 1482, 1556, 1311, 718, 9.77%, 0, 0, 18, 136.36
1638763400, 2, 1482, 1557, 1312, 718, 9.77%, 0, 0, 18, 137.26
1638763420, 2, 1482, 1558, 1313, 718, 9.77%, 0, 0, 18, 139.07
1638763430, 2, 1482, 1559, 1314, 718, 9.77%, 0, 0, 18, 137.99
1638763435, 2, 1482, 1560, 1315, 718, 9.79%, 0, 0, 18, 133.60
1638763451, 2, 1482, 1561, 1316, 718, 9.79%, 0, 0, 18, 136.12
1638763466, 2, 1482, 1562, 1317, 718, 9.79%, 0, 0, 18, 136.73
1638763481, 2, 1482, 1563, 1318, 718, 9.79%, 0, 0, 18, 138.38
1638763599, 2, 1482, 1564, 1319, 718, 9.79%, 0, 0, 18, 137.26
1638763619, 2, 1483, 1564, 1318, 749, 9.79%, 0, 0, 18, 140.67
1638763624, 2, 1483, 1566, 1320, 749, 9.82%, 0, 0, 18, 136.24
1638763670, 2, 1483, 1567, 1321, 749, 9.83%, 0, 0, 18, 134.51
1638763675, 2, 1483, 1574, 1328, 749, 9.99%, 0, 0, 18, 134.37
1638763834, 2, 1483, 1575, 1329, 749, 9.99%, 0, 0, 18, 136.78
1638763844, 2, 1483, 1576, 1330, 749, 9.99%, 0, 0, 18, 136.40
1638763905, 2, 1483, 1577, 1331, 749, 9.99%, 0, 0, 18, 136.06
1638763967, 2, 1483, 1578, 1332, 749, 9.99%, 0, 0, 18, 138.03
1638763982, 2, 1483, 1579, 1333, 749, 9.99%, 0, 0, 18, 131.46
1638764023, 2, 1483, 1580, 1334, 749, 9.99%, 0, 0, 18, 135.05
1638764064, 2, 1510, 1580, 1333, 758, 9.99%, 0, 0, 18, 145.87
1638764069, 2, 1510, 1581, 1334, 758, 9.99%, 0, 0, 18, 141.30
1638764099, 2, 1510, 1582, 1335, 758, 9.99%, 0, 0, 18, 142.91
1638764279, 2, 1517, 1582, 1334, 758, 9.99%, 0, 0, 18, 145.57
1638764350, 2, 1517, 1583, 1335, 758, 9.99%, 0, 0, 18, 136.53
1638764478, 2, 1517, 1584, 1336, 758, 9.99%, 0, 0, 18, 139.31
1638764488, 2, 1517, 1585, 1337, 758, 9.99%, 0, 0, 18, 137.18
1638764498, 2, 1517, 1586, 1338, 758, 9.99%, 0, 0, 18, 140.53
1638764610, 2, 1517, 1587, 1339, 758, 10.00%, 0, 0, 18, 139.68
1638764702, 2, 1542, 1588, 1339, 756, 10.00%, 0, 0, 18, 153.64
1638764712, 2, 1542, 1589, 1340, 756, 10.00%, 0, 0, 18, 136.77
1638764763, 2, 1542, 1590, 1341, 756, 10.00%, 0, 0, 18, 131.47
1638764789, 2, 1542, 1591, 1342, 756, 10.01%, 0, 0, 18, 136.24
1638764932, 2, 1542, 1592, 1343, 756, 10.01%, 0, 0, 18, 138.00
1638764942, 2, 1542, 1593, 1344, 756, 10.01%, 0, 0, 18, 135.04
1638765044, 2, 1556, 1593, 1343, 757, 10.01%, 0, 0, 18, 155.44
1638765055, 2, 1556, 1594, 1344, 757, 10.02%, 0, 0, 18, 143.26
1638765060, 2, 1556, 1595, 1345, 757, 10.02%, 0, 0, 18, 144.06
1638765228, 2, 1556, 1596, 1346, 757, 10.02%, 0, 0, 18, 134.08
1638765233, 2, 1556, 1597, 1347, 757, 10.02%, 0, 0, 18, 132.96
1638765244, 2, 1556, 1598, 1348, 757, 10.02%, 0, 0, 18, 135.03
1638765315, 2, 1556, 1599, 1349, 757, 10.06%, 0, 0, 18, 133.50
1638765326, 2, 1556, 1600, 1350, 757, 10.06%, 0, 0, 18, 133.03
1638765402, 2, 1556, 1601, 1351, 757, 10.06%, 0, 0, 18, 135.85
1638765407, 2, 1556, 1602, 1352, 757, 10.07%, 0, 0, 18, 135.30
1638765413, 2, 1559, 1602, 1351, 759, 10.07%, 0, 0, 18, 140.01
1638765418, 2, 1559, 1604, 1353, 759, 10.07%, 0, 0, 18, 135.31
1638765423, 2, 1559, 1607, 1356, 759, 10.08%, 0, 0, 18, 142.44
1638765428, 2, 1559, 1608, 1357, 759, 10.08%, 0, 0, 18, 142.11
1638765591, 2, 1559, 1609, 1358, 759, 10.10%, 0, 0, 18, 137.68
1638765596, 2, 1559, 1610, 1359, 759, 10.10%, 0, 0, 18, 137.94
1638765606, 2, 1559, 1611, 1360, 759, 10.11%, 0, 0, 18, 133.52
1638765617, 2, 1559, 1612, 1361, 759, 10.11%, 0, 0, 18, 134.52
1638765658, 2, 1559, 1613, 1362, 759, 10.11%, 0, 0, 18, 136.70
1638765719, 2, 1559, 1615, 1364, 759, 10.12%, 0, 0, 18, 133.80
1638765745, 2, 1559, 1616, 1365, 759, 10.12%, 0, 0, 18, 136.94
1638765831, 2, 1560, 1616, 1364, 765, 10.12%, 0, 0, 18, 140.78
1638765836, 2, 1560, 1617, 1365, 765, 10.12%, 0, 0, 18, 139.79
1638765841, 2, 1560, 1618, 1366, 765, 10.12%, 0, 0, 18, 145.01
1638766030, 2, 1560, 1620, 1368, 765, 10.12%, 0, 0, 18, 137.46
1638766035, 2, 1560, 1621, 1369, 765, 10.12%, 0, 0, 18, 137.67
1638766112, 2, 1560, 1622, 1370, 765, 10.13%, 0, 0, 18, 135.92
1638766148, 2, 1560, 1623, 1371, 765, 10.13%, 0, 0, 18, 138.50
1638766209, 2, 1561, 1625, 1372, 767, 10.13%, 0, 0, 18, 1185.14
1638766214, 2, 1561, 1627, 1374, 767, 10.13%, 0, 0, 18, 1320.08
1638766301, 2, 1561, 1628, 1375, 767, 10.14%, 0, 0, 18, 137.67
1638766311, 2, 1561, 1629, 1376, 767, 10.14%, 0, 0, 18, 136.94
1638766352, 2, 1561, 1630, 1377, 767, 10.14%, 0, 0, 18, 138.30
1638766531, 2, 1564, 1630, 1376, 768, 10.14%, 0, 0, 18, 143.16
1638766536, 2, 1564, 1633, 1379, 768, 10.20%, 0, 0, 18, 137.23
1638766546, 2, 1564, 1634, 1380, 768, 10.20%, 0, 0, 18, 143.10
1638766690, 2, 1564, 1635, 1381, 768, 10.20%, 0, 0, 18, 136.03
1638766700, 2, 1564, 1639, 1385, 768, 10.21%, 0, 0, 18, 134.25
1638766715, 2, 1564, 1640, 1386, 768, 10.21%, 0, 0, 18, 134.82
1638766746, 2, 1564, 1641, 1387, 768, 10.21%, 0, 0, 18, 136.84
1638766802, 2, 1564, 1642, 1388, 768, 10.22%, 0, 0, 18, 126.49
1638766864, 2, 1567, 1642, 1387, 777, 10.22%, 0, 0, 18, 141.45
1638766869, 2, 1567, 1643, 1388, 777, 10.22%, 0, 0, 18, 136.09
1638767094, 2, 1567, 1644, 1389, 777, 10.22%, 0, 0, 18, 135.70
1638767145, 2, 1569, 1644, 1388, 777, 10.22%, 0, 0, 18, 140.95
1638767150, 2, 1569, 1645, 1389, 777, 10.22%, 0, 0, 18, 136.11
1638767165, 2, 1569, 1646, 1390, 777, 10.22%, 0, 0, 18, 131.73
1638767344, 2, 1569, 1647, 1391, 777, 10.22%, 0, 0, 18, 133.63
1638767380, 2, 1569, 1648, 1392, 777, 10.23%, 0, 0, 18, 136.21
1638767426, 2, 1574, 1648, 1391, 780, 10.23%, 0, 0, 18, 134.68
1638767431, 2, 1574, 1655, 1398, 780, 10.24%, 0, 0, 18, 142.37
1638767437, 2, 1574, 1657, 1400, 780, 10.24%, 0, 0, 18, 147.10
1638767442, 2, 1574, 1658, 1401, 780, 10.24%, 0, 0, 18, 142.64
1638767544, 2, 1574, 1660, 1403, 780, 10.24%, 0, 0, 18, 140.73
1638767549, 2, 1574, 1661, 1404, 780, 10.24%, 0, 0, 18, 141.08
1638767559, 2, 1574, 1662, 1405, 780, 10.24%, 0, 0, 18, 140.01
1638767636, 2, 1574, 1663, 1406, 780, 10.24%, 0, 0, 18, 139.84
1638767697, 2, 1574, 1664, 1407, 780, 10.24%, 0, 0, 18, 141.20
1638767754, 2, 1574, 1665, 1408, 780, 10.24%, 0, 0, 18, 139.13
1638767774, 2, 1580, 1665, 1407, 785, 10.24%, 0, 0, 18, 143.61
1638767973, 2, 1580, 1666, 1408, 785, 10.24%, 0, 0, 18, 138.06
1638768025, 2, 1586, 1666, 1407, 784, 10.24%, 0, 0, 18, 140.67
1638768030, 2, 1586, 1667, 1408, 784, 10.24%, 0, 0, 18, 136.48
1638768086, 2, 1586, 1672, 1413, 784, 10.25%, 0, 0, 18, 135.61
1638768101, 2, 1586, 1673, 1414, 784, 10.26%, 0, 0, 18, 138.73
1638768117, 2, 1586, 1674, 1415, 784, 10.26%, 0, 0, 18, 135.13
1638768219, 2, 1586, 1675, 1416, 784, 10.26%, 0, 0, 18, 136.21
1638768290, 2, 1586, 1676, 1417, 784, 10.26%, 0, 0, 18, 136.27
1638768332, 2, 1586, 1677, 1418, 784, 10.26%, 0, 0, 18, 135.16
1638768337, 2, 1586, 1678, 1419, 784, 10.26%, 0, 0, 18, 136.76
1638768342, 2, 1586, 1681, 1422, 784, 10.26%, 0, 0, 18, 135.30
1638768388, 2, 1586, 1682, 1423, 784, 10.27%, 0, 0, 18, 132.71
1638768424, 2, 1586, 1683, 1424, 784, 10.27%, 0, 0, 18, 135.27
1638768449, 2, 1586, 1684, 1425, 784, 10.27%, 0, 0, 18, 136.50
1638768460, 2, 1596, 1684, 1424, 788, 10.27%, 0, 0, 18, 158.02
1638768475, 2, 1596, 1685, 1425, 788, 10.28%, 0, 0, 18, 142.26
1638768511, 2, 1596, 1686, 1426, 788, 10.28%, 0, 0, 18, 130.80
1638768648, 2, 1596, 1687, 1427, 788, 10.28%, 0, 0, 18, 135.14
1638768710, 2, 1601, 1687, 1426, 789, 10.28%, 0, 0, 18, 145.98
1638768720, 2, 1601, 1688, 1427, 789, 10.29%, 0, 0, 18, 143.63
1638768828, 2, 1601, 1689, 1428, 789, 10.32%, 0, 0, 18, 140.71
1638768869, 2, 1601, 1691, 1430, 789, 10.32%, 0, 0, 18, 140.56
1638768904, 2, 1601, 1692, 1431, 789, 10.33%, 0, 0, 18, 138.34
1638769031, 2, 1613, 1692, 1430, 791, 10.33%, 0, 0, 18, 142.35
1638769036, 2, 1613, 1693, 1431, 791, 10.34%, 0, 0, 18, 137.19
1638769128, 2, 1613, 1694, 1432, 791, 10.34%, 0, 0, 18, 135.37
1638769195, 2, 1613, 1697, 1435, 791, 10.34%, 0, 0, 18, 135.84
1638769215, 2, 1614, 1698, 1435, 790, 10.34%, 0, 0, 18, 1337.61
1638769368, 2, 1614, 1699, 1436, 790, 10.34%, 0, 0, 18, 135.79
1638769373, 2, 1614, 1701, 1438, 790, 10.35%, 0, 0, 18, 137.86
1638769419, 2, 1614, 1702, 1439, 790, 10.35%, 0, 0, 18, 135.47
1638769445, 2, 1614, 1703, 1440, 790, 10.35%, 0, 0, 18, 135.52
1638769460, 2, 1614, 1704, 1441, 790, 10.36%, 0, 0, 18, 136.94
1638769511, 2, 1614, 1705, 1442, 790, 10.37%, 0, 0, 18, 134.13
1638769542, 2, 1614, 1706, 1443, 790, 10.37%, 0, 0, 18, 136.05
1638769583, 2, 1614, 1707, 1444, 790, 10.37%, 0, 0, 18, 134.12
1638769609, 2, 1617, 1707, 1443, 793, 10.37%, 0, 0, 18, 143.41
1638769614, 2, 1617, 1708, 1444, 793, 10.38%, 0, 0, 18, 135.02
1638769875, 2, 1621, 1708, 1443, 793, 10.38%, 0, 0, 18, 132.03
1638769880, 2, 1621, 1709, 1444, 793, 10.38%, 0, 0, 18, 144.39
1638770038, 2, 1621, 1710, 1445, 793, 10.38%, 0, 0, 18, 4.78
1638770146, 2, 1631, 1710, 1444, 793, 10.38%, 0, 0, 18, 51.07
1638770166, 2, 1631, 1711, 1445, 793, 10.38%, 0, 0, 18, 47.86
1638770341, 2, 1631, 1712, 1446, 793, 10.38%, 0, 0, 18, 17.36
1638770802, 2, 1631, 1713, 1447, 793, 10.38%, 0, 0, 18, 62.30
1638771069, 2, 1631, 1715, 1449, 793, 10.38%, 0, 0, 18, 49.77
1638771110, 2, 1631, 1716, 1450, 793, 10.38%, 0, 0, 18, 7.92
1638771172, 2, 1641, 1716, 1449, 795, 10.38%, 0, 0, 18, 2.71
1638772115, 2, 1653, 1716, 1448, 794, 10.38%, 0, 0, 18, 7.42
1638772187, 2, 1664, 1716, 1447, 793, 10.38%, 0, 0, 18, 9.30
1638772223, 2, 1667, 1716, 1446, 792, 10.38%, 0, 0, 18, 8.14
1638772270, 2, 1671, 1716, 1445, 791, 10.38%, 0, 0, 18, 8.16
1638772337, 2, 1672, 1716, 1444, 790, 10.38%, 0, 0, 18, 8.54
1638772393, 2, 1684, 1716, 1443, 789, 10.38%, 0, 0, 18, 9.05
1638774929, 2, 1687, 1716, 1442, 788, 10.38%, 0, 0, 18, 1.93
1638775006, 2, 1690, 1716, 1441, 787, 10.38%, 0, 0, 18, 8.66
1638775058, 2, 1690, 1717, 1442, 787, 10.38%, 0, 0, 18, 11.93
1638775089, 2, 1692, 1717, 1441, 786, 10.38%, 0, 0, 18, 8.57
1638775151, 2, 1697, 1717, 1440, 785, 10.38%, 0, 0, 18, 9.41
1638775223, 2, 1702, 1717, 1439, 784, 10.38%, 0, 0, 18, 8.26
1638775274, 2, 1703, 1717, 1438, 783, 10.38%, 0, 0, 18, 9.29
1638775316, 2, 1703, 1717, 1438, 783, 10.38%, 0, 1, 18, 5.29
1638775341, 2, 1704, 1717, 1437, 782, 10.38%, 0, 1, 18, 9.70
1638775398, 2, 1704, 1717, 1437, 782, 10.38%, 0, 2, 18, 8.01
1638775403, 2, 1707, 1717, 1436, 781, 10.38%, 0, 2, 18, 9.08
1638775486, 3, 1653, 1717, 1435, 780, 10.38%, 0, 2, 18, 0.04
1638775599, 3, 1664, 1717, 1435, 780, 10.38%, 0, 2, 18, 8.92
1638775666, 3, 1667, 1717, 1435, 780, 10.38%, 0, 3, 18, 9.30
1638775835, 3, 1671, 1717, 1435, 780, 10.38%, 0, 3, 18, 6.95
1638776001, 3, 1692, 1717, 1435, 780, 10.38%, 0, 3, 18, 7.68
1638776082, 3, 1697, 1717, 1435, 780, 10.38%, 0, 3, 18, 9.71
1638776166, 3, 1702, 1717, 1435, 780, 10.38%, 0, 3, 18, 8.15
1638776378, 3, 1703, 1717, 1435, 780, 10.38%, 0, 3, 18, 7.69
1638776474, 3, 1704, 1717, 1435, 780, 10.38%, 0, 3, 18, 8.76
1638776550, 3, 1707, 1717, 1435, 780, 10.38%, 0, 3, 18, 9.48
1638776650, 4, 1703, 1717, 1435, 780, 10.38%, 0, 3, 18, 0.04
1638776751, 5, 1703, 1717, 1435, 780, 10.38%, 0, 3, 18, 0.04
1638776900, 6, 1703, 1717, 1435, 780, 10.38%, 0, 3, 18, 0.04
1638777047, 7, 1703, 1717, 1435, 780, 10.38%, 0, 3, 18, 0.09
1638777170, 7, 1710, 1717, 1435, 780, 10.38%, 0, 3, 18, 9.33
1638777232, 7, 1712, 1717, 1434, 779, 10.38%, 0, 3, 18, 8.31
1638777309, 7, 1714, 1717, 1433, 778, 10.38%, 0, 3, 18, 8.98
1638777392, 8, 114, 1717, 1432, 777, 10.38%, 0, 3, 18, 7.14
1638777423, 8, 114, 1718, 1433, 777, 10.39%, 0, 3, 18, 9.09
1638777473, 8, 1717, 1718, 1432, 776, 10.39%, 0, 3, 18, 0.14
1638777496, 9, 1717, 1718, 1432, 776, 10.39%, 0, 3, 18, 0.00
1638777518, 11, 0, 1718, 1432, 776, 10.39%, 0, 3, 18, 0.00
1638777542, 12, 0, 1718, 1432, 776, 10.39%, 0, 3, 18, 0.00
1638777564, 13, 0, 1718, 1432, 776, 10.39%, 0, 3, 18, 0.00
1638777588, 14, 0, 1718, 1432, 776, 10.39%, 0, 3, 18, 0.00
1638777608, 15, 0, 1718, 1432, 776, 10.39%, 0, 3, 18, 0.00
1638777615, 18, 0, 1718, 1432, 776, 10.39%, 0, 3, 18, 0.00
1638777624, 20, 0, 1718, 1432, 776, 10.39%, 0, 3, 18, 0.00
1638777648, 21, 0, 1718, 1432, 776, 10.39%, 0, 3, 18, 0.00
1638777670, 22, 0, 1718, 1432, 776, 10.39%, 0, 3, 18, 0.00
1638777694, 23, 0, 1718, 1432, 776, 10.39%, 0, 3, 18, 0.00
1638777718, 24, 0, 1718, 1432, 776, 10.39%, 0, 3, 18, 0.00
1638777742, 25, 0, 1718, 1432, 776, 10.39%, 0, 3, 18, 0.00
1638777765, 26, 0, 1718, 1432, 776, 10.39%, 0, 3, 18, 0.00
1638777787, 27, 0, 1718, 1432, 776, 10.39%, 0, 3, 18, 0.00
1638777809, 28, 0, 1718, 1432, 776, 10.39%, 0, 3, 18, 0.00
1638777835, 29, 0, 1718, 1432, 776, 10.39%, 0, 3, 18, 0.00
1638777858, 30, 0, 1718, 1432, 776, 10.39%, 0, 3, 18, 0.00
1638777880, 31, 0, 1718, 1432, 776, 10.39%, 0, 3, 18, 0.00
1638777904, 32, 0, 1718, 1432, 776, 10.39%, 0, 3, 18, 0.00
1638777927, 33, 0, 1718, 1432, 776, 10.39%, 0, 3, 18, 0.00
1638777952, 34, 0, 1718, 1432, 776, 10.39%, 0, 3, 18, 0.00
1638777976, 35, 0, 1718, 1432, 776, 10.39%, 0, 3, 18, 0.00
1638777999, 36, 0, 1718, 1432, 776, 10.39%, 0, 3, 18, 0.00
1638778021, 37, 0, 1718, 1432, 776, 10.39%, 0, 3, 18, 0.00
1638778045, 38, 0, 1718, 1432, 776, 10.39%, 0, 3, 18, 0.00
1638778067, 39, 0, 1718, 1432, 776, 10.39%, 0, 3, 18, 0.00
1638778090, 40, 0, 1718, 1432, 776, 10.39%, 0, 3, 18, 0.00
1638778113, 41, 0, 1718, 1432, 776, 10.39%, 0, 3, 18, 0.00
1638778135, 42, 0, 1718, 1432, 776, 10.39%, 0, 3, 18, 0.00
1638778159, 43, 0, 1718, 1432, 776, 10.39%, 0, 3, 18, 0.00
1638778180, 44, 0, 1718, 1432, 776, 10.39%, 0, 3, 18, 0.00
1638778203, 45, 0, 1718, 1432, 776, 10.39%, 0, 3, 18, 0.00
1638778227, 46, 0, 1718, 1432, 776, 10.39%, 0, 3, 18, 0.00
1638778251, 47, 0, 1718, 1432, 776, 10.39%, 0, 3, 18, 0.00
1638778273, 48, 0, 1718, 1432, 776, 10.39%, 0, 3, 18, 0.00
1638778295, 49, 0, 1718, 1432, 776, 10.39%, 0, 3, 18, 0.00
1638778318, 50, 0, 1718, 1432, 776, 10.39%, 0, 3, 18, 0.00
1638778342, 51, 0, 1718, 1432, 776, 10.39%, 0, 3, 18, 0.00
1638778366, 52, 0, 1718, 1432, 776, 10.39%, 0, 3, 18, 0.00
1638778389, 53, 0, 1718, 1432, 776, 10.39%, 0, 3, 18, 0.00
1638778413, 54, 0, 1718, 1432, 776, 10.39%, 0, 3, 18, 0.00
1638778439, 55, 0, 1718, 1432, 776, 10.39%, 0, 3, 18, 0.00
1638778461, 56, 0, 1718, 1432, 776, 10.39%, 0, 3, 18, 0.00
1638778485, 57, 0, 1718, 1432, 776, 10.39%, 0, 3, 18, 0.00
1638778509, 58, 0, 1718, 1432, 776, 10.39%, 0, 3, 18, 0.00
1638778534, 59, 0, 1718, 1432, 776, 10.39%, 0, 3, 18, 0.00
1638778557, 60, 0, 1718, 1432, 776, 10.39%, 0, 3, 18, 0.00
1638778579, 61, 0, 1718, 1432, 776, 10.39%, 0, 3, 18, 0.00
1638778603, 62, 0, 1718, 1432, 776, 10.39%, 0, 3, 18, 0.00
1638778627, 63, 0, 1718, 1432, 776, 10.39%, 0, 3, 18, 0.00
1638778650, 64, 0, 1718, 1432, 776, 10.39%, 0, 3, 18, 0.00
1638778674, 65, 0, 1718, 1432, 776, 10.39%, 0, 3, 18, 0.00
1638778698, 66, 0, 1718, 1432, 776, 10.39%, 0, 3, 18, 0.00
1638778722, 67, 0, 1718, 1432, 776, 10.39%, 0, 3, 18, 0.00
1638778745, 68, 0, 1718, 1432, 776, 10.39%, 0, 3, 18, 0.00
1638778769, 69, 0, 1718, 1432, 776, 10.39%, 0, 3, 18, 0.00
1638778792, 70, 0, 1718, 1432, 776, 10.39%, 0, 3, 18, 0.00
1638778816, 71, 0, 1718, 1432, 776, 10.39%, 0, 3, 18, 0.00
1638778838, 72, 0, 1718, 1432, 776, 10.39%, 0, 3, 18, 0.00
1638778859, 73, 0, 1718, 1432, 776, 10.39%, 0, 3, 18, 0.00
1638778883, 74, 0, 1718, 1432, 776, 10.39%, 0, 3, 18, 0.00
1638778904, 75, 0, 1718, 1432, 776, 10.39%, 0, 3, 18, 0.00
1638778927, 76, 0, 1718, 1432, 776, 10.39%, 0, 3, 18, 0.00
1638778949, 77, 0, 1718, 1432, 776, 10.39%, 0, 3, 18, 0.00
1638778973, 78, 0, 1718, 1432, 776, 10.39%, 0, 3, 18, 0.00
1638778996, 79, 0, 1718, 1432, 776, 10.39%, 0, 3, 18, 0.00
1638779022, 80, 0, 1718, 1432, 776, 10.39%, 0, 3, 18, 0.00
1638779046, 81, 0, 1718, 1432, 776, 10.39%, 0, 3, 18, 0.00
1638779070, 82, 0, 1718, 1432, 776, 10.39%, 0, 3, 18, 0.00
1638779094, 83, 0, 1718, 1432, 776, 10.39%, 0, 3, 18, 0.00
1638779118, 84, 0, 1718, 1432, 776, 10.39%, 0, 3, 18, 0.00
1638779141, 85, 0, 1718, 1432, 776, 10.39%, 0, 3, 18, 0.00
1638779164, 86, 0, 1718, 1432, 776, 10.39%, 0, 3, 18, 0.00
1638779189, 87, 0, 1718, 1432, 776, 10.39%, 0, 3, 18, 0.00
1638779213, 88, 0, 1718, 1432, 776, 10.39%, 0, 3, 18, 0.00
1638779237, 89, 0, 1718, 1432, 776, 10.39%, 0, 3, 18, 0.00
1638779259, 90, 0, 1718, 1432, 776, 10.39%, 0, 3, 18, 0.00
1638779282, 91, 0, 1718, 1432, 776, 10.39%, 0, 3, 18, 0.00
1638779307, 92, 0, 1718, 1432, 776, 10.39%, 0, 3, 18, 0.00
1638779330, 93, 0, 1718, 1432, 776, 10.39%, 0, 3, 18, 0.00
1638779352, 94, 0, 1718, 1432, 776, 10.39%, 0, 3, 18, 0.00
1638779375, 95, 0, 1718, 1432, 776, 10.39%, 0, 3, 18, 0.00
1638779399, 96, 0, 1718, 1432, 776, 10.39%, 0, 3, 18, 0.00
1638779421, 97, 0, 1718, 1432, 776, 10.39%, 0, 3, 18, 0.00
1638779444, 98, 0, 1718, 1432, 776, 10.39%, 0, 3, 18, 0.00
1638779468, 99, 0, 1718, 1432, 776, 10.39%, 0, 3, 18, 0.00
1638779492, 100, 0, 1718, 1432, 776, 10.39%, 0, 3, 18, 0.00
1638779517, 101, 0, 1718, 1432, 776, 10.39%, 0, 3, 18, 0.00
1638779539, 102, 0, 1718, 1432, 776, 10.39%, 0, 3, 18, 0.00
1638779561, 103, 0, 1718, 1432, 776, 10.39%, 0, 3, 18, 0.00
1638779585, 104, 0, 1718, 1432, 776, 10.39%, 0, 3, 18, 0.00
1638779610, 105, 0, 1718, 1432, 776, 10.39%, 0, 3, 18, 0.00
1638779635, 106, 0, 1718, 1432, 776, 10.39%, 0, 3, 18, 0.00
1638779660, 107, 0, 1718, 1432, 776, 10.39%, 0, 3, 18, 0.00
1638779683, 108, 0, 1718, 1432, 776, 10.39%, 0, 3, 18, 0.00
1638779708, 109, 0, 1718, 1432, 776, 10.39%, 0, 3, 18, 0.00
1638779732, 110, 0, 1718, 1432, 776, 10.39%, 0, 3, 18, 0.00
1638779756, 111, 0, 1718, 1432, 776, 10.39%, 0, 3, 18, 0.00
1638779781, 112, 0, 1718, 1432, 776, 10.39%, 0, 3, 18, 0.00
1638779806, 113, 0, 1718, 1432, 776, 10.39%, 0, 3, 18, 0.00
1638779831, 114, 0, 1718, 1432, 776, 10.39%, 0, 3, 18, 0.00
1638779854, 115, 0, 1718, 1432, 776, 10.39%, 0, 3, 18, 0.00
1638779878, 116, 0, 1718, 1432, 776, 10.39%, 0, 3, 18, 0.00
1638779901, 117, 0, 1718, 1432, 776, 10.39%, 0, 3, 18, 0.00
1638779925, 118, 0, 1718, 1432, 776, 10.39%, 0, 3, 18, 0.00
1638779948, 119, 0, 1718, 1432, 776, 10.39%, 0, 3, 18, 0.00
1638779972, 120, 0, 1718, 1432, 776, 10.39%, 0, 3, 18, 0.00
1638779996, 121, 0, 1718, 1432, 776, 10.39%, 0, 3, 18, 0.00
1638780020, 122, 0, 1718, 1432, 776, 10.39%, 0, 3, 18, 0.00
1638780043, 123, 0, 1718, 1432, 776, 10.39%, 0, 3, 18, 0.00
1638780068, 124, 0, 1718, 1432, 776, 10.39%, 0, 3, 18, 0.00
1638780092, 125, 0, 1718, 1432, 776, 10.39%, 0, 3, 18, 0.00
1638780115, 126, 0, 1718, 1432, 776, 10.39%, 0, 3, 18, 0.00
1638780138, 127, 0, 1718, 1432, 776, 10.39%, 0, 3, 18, 0.00
1638780161, 128, 0, 1718, 1432, 776, 10.39%, 0, 3, 18, 0.00
1638780183, 129, 0, 1718, 1432, 776, 10.39%, 0, 3, 18, 0.00
1638780206, 130, 0, 1718, 1432, 776, 10.39%, 0, 3, 18, 0.00
1638780230, 131, 0, 1718, 1432, 776, 10.39%, 0, 3, 18, 0.00
1638780251, 132, 0, 1718, 1432, 776, 10.39%, 0, 3, 18, 0.00
1638780275, 133, 0, 1718, 1432, 776, 10.39%, 0, 3, 18, 0.00
1638780298, 134, 0, 1718, 1432, 776, 10.39%, 0, 3, 18, 0.00
1638780321, 135, 0, 1718, 1432, 776, 10.39%, 0, 3, 18, 0.00
1638780343, 136, 0, 1718, 1432, 776, 10.39%, 0, 3, 18, 0.00
1638780366, 137, 0, 1718, 1432, 776, 10.39%, 0, 3, 18, 0.00
1638780389, 138, 0, 1718, 1432, 776, 10.39%, 0, 3, 18, 0.00
1638780411, 139, 0, 1718, 1432, 776, 10.39%, 0, 3, 18, 0.00
1638780434, 140, 0, 1718, 1432, 776, 10.39%, 0, 3, 18, 0.00
1638780455, 141, 0, 1718, 1432, 776, 10.39%, 0, 3, 18, 0.00
1638780479, 142, 0, 1718, 1432, 776, 10.39%, 0, 3, 18, 0.00
1638780503, 143, 0, 1718, 1432, 776, 10.39%, 0, 3, 18, 0.00
1638780526, 144, 0, 1718, 1432, 776, 10.39%, 0, 3, 18, 0.00
1638780548, 145, 0, 1718, 1432, 776, 10.39%, 0, 3, 18, 0.00
1638780571, 146, 0, 1718, 1432, 776, 10.39%, 0, 3, 18, 0.00
1638780593, 147, 0, 1718, 1432, 776, 10.39%, 0, 3, 18, 0.00
1638780608, 148, 0, 1718, 1432, 776, 10.39%, 0, 3, 18, 0.00
1638780614, 151, 0, 1718, 1432, 776, 10.39%, 0, 3, 18, 0.00
1638780624, 153, 0, 1718, 1432, 776, 10.39%, 0, 3, 18, 0.00
1638780646, 154, 0, 1718, 1432, 776, 10.39%, 0, 3, 18, 0.00
1638780670, 155, 0, 1718, 1432, 776, 10.39%, 0, 3, 18, 0.00
1638780693, 156, 0, 1718, 1432, 776, 10.39%, 0, 3, 18, 0.00
1638780715, 157, 0, 1718, 1432, 776, 10.39%, 0, 3, 18, 0.00
1638780737, 158, 0, 1718, 1432, 776, 10.39%, 0, 3, 18, 0.00
1638780761, 159, 0, 1718, 1432, 776, 10.39%, 0, 3, 18, 0.00
1638780784, 160, 0, 1718, 1432, 776, 10.39%, 0, 3, 18, 0.00
1638780807, 161, 0, 1718, 1432, 776, 10.39%, 0, 3, 18, 0.00
1638780829, 162, 0, 1718, 1432, 776, 10.39%, 0, 3, 18, 0.00
1638780851, 163, 0, 1718, 1432, 776, 10.39%, 0, 3, 18, 0.00
1638780875, 164, 0, 1718, 1432, 776, 10.39%, 0, 3, 18, 0.00
1638780897, 165, 0, 1718, 1432, 776, 10.39%, 0, 3, 18, 0.00
1638780919, 166, 0, 1718, 1432, 776, 10.39%, 0, 3, 18, 0.00
1638780941, 167, 0, 1718, 1432, 776, 10.39%, 0, 3, 18, 0.00
1638780965, 168, 0, 1718, 1432, 776, 10.39%, 0, 3, 18, 0.00
1638780988, 169, 0, 1718, 1432, 776, 10.39%, 0, 3, 18, 0.00
1638781011, 170, 0, 1718, 1432, 776, 10.39%, 0, 3, 18, 0.00
1638781036, 171, 0, 1718, 1432, 776, 10.39%, 0, 3, 18, 0.00
1638781059, 172, 0, 1718, 1432, 776, 10.39%, 0, 3, 18, 0.00
1638781084, 173, 0, 1718, 1432, 776, 10.39%, 0, 3, 18, 0.00
1638781109, 174, 0, 1718, 1432, 776, 10.39%, 0, 3, 18, 0.00
1638781133, 175, 0, 1718, 1432, 776, 10.39%, 0, 3, 18, 0.00
1638781156, 176, 0, 1718, 1432, 776, 10.39%, 0, 3, 18, 0.00
1638781179, 177, 0, 1718, 1432, 776, 10.39%, 0, 3, 18, 0.00
1638781202, 178, 0, 1718, 1432, 776, 10.39%, 0, 3, 18, 0.00
1638781225, 179, 0, 1718, 1432, 776, 10.39%, 0, 3, 18, 0.00
1638781249, 180, 0, 1718, 1432, 776, 10.39%, 0, 3, 18, 0.00
1638781272, 181, 0, 1718, 1432, 776, 10.39%, 0, 3, 18, 0.00
1638781296, 182, 0, 1718, 1432, 776, 10.39%, 0, 3, 18, 0.00
1638781320, 183, 0, 1718, 1432, 776, 10.39%, 0, 3, 18, 0.00
1638781342, 184, 0, 1718, 1432, 776, 10.39%, 0, 3, 18, 0.00
1638781365, 185, 0, 1718, 1432, 776, 10.39%, 0, 3, 18, 0.00
1638781389, 186, 0, 1718, 1432, 776, 10.39%, 0, 3, 18, 0.00
1638781413, 187, 0, 1718, 1432, 776, 10.39%, 0, 3, 18, 0.00
1638781436, 188, 0, 1718, 1432, 776, 10.39%, 0, 3, 18, 0.00
1638781461, 189, 0, 1718, 1432, 776, 10.39%, 0, 3, 18, 0.00
1638781482, 190, 0, 1718, 1432, 776, 10.39%, 0, 3, 18, 0.00
1638781506, 191, 0, 1718, 1432, 776, 10.39%, 0, 3, 18, 0.00
1638781530, 192, 0, 1718, 1432, 776, 10.39%, 0, 3, 18, 0.00
1638781553, 193, 0, 1718, 1432, 776, 10.39%, 0, 3, 18, 0.00
1638781576, 194, 0, 1718, 1432, 776, 10.39%, 0, 3, 18, 0.00
1638781600, 195, 0, 1718, 1432, 776, 10.39%, 0, 3, 18, 0.00
1638781623, 196, 0, 1718, 1432, 776, 10.39%, 0, 3, 18, 0.00
1638781647, 197, 0, 1718, 1432, 776, 10.39%, 0, 3, 18, 0.00
1638781670, 198, 0, 1718, 1432, 776, 10.39%, 0, 3, 18, 0.00
1638781697, 199, 0, 1718, 1432, 776, 10.39%, 0, 3, 18, 0.00
1638781721, 200, 0, 1718, 1432, 776, 10.39%, 0, 3, 18, 0.00
1638781745, 201, 0, 1718, 1432, 776, 10.39%, 0, 3, 18, 0.00
1638781768, 202, 0, 1718, 1432, 776, 10.39%, 0, 3, 18, 0.00
1638781791, 203, 0, 1718, 1432, 776, 10.39%, 0, 3, 18, 0.00
1638781814, 204, 0, 1718, 1432, 776, 10.39%, 0, 3, 18, 0.00
1638781838, 205, 0, 1718, 1432, 776, 10.39%, 0, 3, 18, 0.00
1638781859, 206, 0, 1718, 1432, 776, 10.39%, 0, 3, 18, 0.00
1638781884, 207, 0, 1718, 1432, 776, 10.39%, 0, 3, 18, 0.00
1638781907, 208, 0, 1718, 1432, 776, 10.39%, 0, 3, 18, 0.00
1638781931, 209, 0, 1718, 1432, 776, 10.39%, 0, 3, 18, 0.00
1638781954, 210, 0, 1718, 1432, 776, 10.39%, 0, 3, 18, 0.00
1638781977, 211, 0, 1718, 1432, 776, 10.39%, 0, 3, 18, 0.00
1638782000, 212, 0, 1718, 1432, 776, 10.39%, 0, 3, 18, 0.00
1638782023, 213, 0, 1718, 1432, 776, 10.39%, 0, 3, 18, 0.00
1638782045, 214, 0, 1718, 1432, 776, 10.39%, 0, 3, 18, 0.00
1638782069, 215, 0, 1718, 1432, 776, 10.39%, 0, 3, 18, 0.00
1638782092, 216, 0, 1718, 1432, 776, 10.39%, 0, 3, 18, 0.00
1638782113, 217, 0, 1718, 1432, 776, 10.39%, 0, 3, 18, 0.00
1638782136, 218, 0, 1718, 1432, 776, 10.39%, 0, 3, 18, 0.00
1638782160, 219, 0, 1718, 1432, 776, 10.39%, 0, 3, 18, 0.00
1638782184, 220, 0, 1718, 1432, 776, 10.39%, 0, 3, 18, 0.00
1638782207, 221, 0, 1718, 1432, 776, 10.39%, 0, 3, 18, 0.00
1638782229, 222, 0, 1718, 1432, 776, 10.39%, 0, 3, 18, 0.00
1638782251, 223, 0, 1718, 1432, 776, 10.39%, 0, 3, 18, 0.00
1638782275, 224, 0, 1718, 1432, 776, 10.39%, 0, 3, 18, 0.00
1638782298, 225, 0, 1718, 1432, 776, 10.39%, 0, 3, 18, 0.00
1638782320, 226, 0, 1718, 1432, 776, 10.39%, 0, 3, 18, 0.00
1638782343, 227, 0, 1718, 1432, 776, 10.39%, 0, 3, 18, 0.00
1638782367, 228, 0, 1718, 1432, 776, 10.39%, 0, 3, 18, 0.00
1638782389, 229, 0, 1718, 1432, 776, 10.39%, 0, 3, 18, 0.00
1638782411, 230, 0, 1718, 1432, 776, 10.39%, 0, 3, 18, 0.00
1638782433, 231, 0, 1718, 1432, 776, 10.39%, 0, 3, 18, 0.00
1638782456, 232, 0, 1718, 1432, 776, 10.39%, 0, 3, 18, 0.00
1638782478, 233, 0, 1718, 1432, 776, 10.39%, 0, 3, 18, 0.00
1638782501, 234, 0, 1718, 1432, 776, 10.39%, 0, 3, 18, 0.00
1638782525, 235, 0, 1718, 1432, 776, 10.39%, 0, 3, 18, 0.00
1638782552, 236, 0, 1718, 1432, 776, 10.39%, 0, 3, 18, 0.00
1638782577, 237, 0, 1718, 1432, 776, 10.39%, 0, 3, 18, 0.00
1638782601, 238, 0, 1718, 1432, 776, 10.39%, 0, 3, 18, 0.00
1638782624, 239, 0, 1718, 1432, 776, 10.39%, 0, 3, 18, 0.00
1638782649, 240, 0, 1718, 1432, 776, 10.39%, 0, 3, 18, 0.00
1638782674, 241, 0, 1718, 1432, 776, 10.39%, 0, 3, 18, 0.00
1638782698, 242, 0, 1718, 1432, 776, 10.39%, 0, 3, 18, 0.00
1638782721, 243, 0, 1718, 1432, 776, 10.39%, 0, 3, 18, 0.00
1638782744, 244, 0, 1718, 1432, 776, 10.39%, 0, 3, 18, 0.00
1638782767, 245, 0, 1718, 1432, 776, 10.39%, 0, 3, 18, 0.00
1638782791, 246, 0, 1718, 1432, 776, 10.39%, 0, 3, 18, 0.00
1638782813, 247, 0, 1718, 1432, 776, 10.39%, 0, 3, 18, 0.00
1638782838, 248, 0, 1718, 1432, 776, 10.39%, 0, 3, 18, 0.00
1638782861, 249, 0, 1718, 1432, 776, 10.39%, 0, 3, 18, 0.00
1638782886, 250, 0, 1718, 1432, 776, 10.39%, 0, 3, 18, 0.00
1638782909, 251, 0, 1718, 1432, 776, 10.39%, 0, 3, 18, 0.00
1638782934, 252, 0, 1718, 1432, 776, 10.39%, 0, 3, 18, 0.00
1638782959, 253, 0, 1718, 1432, 776, 10.39%, 0, 3, 18, 0.00
1638782982, 254, 0, 1718, 1432, 776, 10.39%, 0, 3, 18, 0.00
1638783005, 255, 0, 1718, 1432, 776, 10.39%, 0, 3, 18, 0.00
1638783028, 256, 0, 1718, 1432, 776, 10.39%, 0, 3, 18, 0.00
1638783052, 257, 0, 1718, 1432, 776, 10.39%, 0, 3, 18, 0.00
1638783076, 258, 0, 1718, 1432, 776, 10.39%, 0, 3, 18, 0.00
1638783099, 259, 0, 1718, 1432, 776, 10.39%, 0, 3, 18, 0.00
1638783121, 260, 0, 1718, 1432, 776, 10.39%, 0, 3, 18, 0.00
1638783143, 261, 0, 1718, 1432, 776, 10.39%, 0, 3, 18, 0.00
1638783166, 262, 0, 1718, 1432, 776, 10.39%, 0, 3, 18, 0.00
1638783191, 263, 0, 1718, 1432, 776, 10.39%, 0, 3, 18, 0.00
1638783215, 264, 0, 1718, 1432, 776, 10.39%, 0, 3, 18, 0.00
1638783239, 265, 0, 1718, 1432, 776, 10.39%, 0, 3, 18, 0.00
1638783262, 266, 0, 1718, 1432, 776, 10.39%, 0, 3, 18, 0.00
1638783287, 267, 0, 1718, 1432, 776, 10.39%, 0, 3, 18, 0.00
1638783312, 268, 0, 1718, 1432, 776, 10.39%, 0, 3, 18, 0.00
1638783335, 269, 0, 1718, 1432, 776, 10.39%, 0, 3, 18, 0.00
1638783358, 270, 0, 1718, 1432, 776, 10.39%, 0, 3, 18, 0.00
1638783381, 271, 0, 1718, 1432, 776, 10.39%, 0, 3, 18, 0.00
1638783405, 272, 0, 1718, 1432, 776, 10.39%, 0, 3, 18, 0.00
1638783429, 273, 0, 1718, 1432, 776, 10.39%, 0, 3, 18, 0.00
1638783451, 274, 0, 1718, 1432, 776, 10.39%, 0, 3, 18, 0.00
1638783472, 275, 0, 1718, 1432, 776, 10.39%, 0, 3, 18, 0.00
1638783495, 276, 0, 1718, 1432, 776, 10.39%, 0, 3, 18, 0.00
1638783518, 277, 0, 1718, 1432, 776, 10.39%, 0, 3, 18, 0.00
1638783544, 278, 0, 1718, 1432, 776, 10.39%, 0, 3, 18, 0.00
1638783567, 279, 0, 1718, 1432, 776, 10.39%, 0, 3, 18, 0.00
1638783589, 280, 0, 1718, 1432, 776, 10.39%, 0, 3, 18, 0.00
1638783611, 281, 0, 1718, 1432, 776, 10.39%, 0, 3, 18, 0.00
1638783633, 282, 0, 1718, 1432, 776, 10.39%, 0, 3, 18, 0.00
1638783657, 283, 0, 1718, 1432, 776, 10.39%, 0, 3, 18, 0.00
1638783678, 284, 0, 1718, 1432, 776, 10.39%, 0, 3, 18, 0.00
1638783702, 285, 0, 1718, 1432, 776, 10.39%, 0, 3, 18, 0.00
1638783723, 286, 0, 1718, 1432, 776, 10.39%, 0, 3, 18, 0.00
1638783747, 287, 0, 1718, 1432, 776, 10.39%, 0, 3, 18, 0.00
1638783771, 288, 0, 1718, 1432, 776, 10.39%, 0, 3, 18, 0.00
1638783795, 289, 0, 1718, 1432, 776, 10.39%, 0, 3, 18, 0.00
1638783818, 290, 0, 1718, 1432, 776, 10.39%, 0, 3, 18, 0.00
1638783843, 291, 0, 1718, 1432, 776, 10.39%, 0, 3, 18, 0.00
1638783867, 292, 0, 1718, 1432, 776, 10.39%, 0, 3, 18, 0.00
1638783892, 293, 0, 1718, 1432, 776, 10.39%, 0, 3, 18, 0.00
1638783908, 294, 0, 1718, 1432, 776, 10.39%, 0, 3, 18, 0.00
1638783915, 297, 0, 1718, 1432, 776, 10.39%, 0, 3, 18, 0.00
1638783928, 299, 0, 1718, 1432, 776, 10.39%, 0, 3, 18, 0.00
1638783950, 300, 0, 1718, 1432, 776, 10.39%, 0, 3, 18, 0.00
1638783973, 301, 0, 1718, 1432, 776, 10.39%, 0, 3, 18, 0.00
1638783997, 302, 0, 1718, 1432, 776, 10.39%, 0, 3, 18, 0.00
1638784021, 303, 0, 1718, 1432, 776, 10.39%, 0, 3, 18, 0.00
1638784046, 304, 0, 1718, 1432, 776, 10.39%, 0, 3, 18, 0.00
1638784072, 305, 0, 1718, 1432, 776, 10.39%, 0, 3, 18, 0.00
1638784094, 306, 0, 1718, 1432, 776, 10.39%, 0, 3, 18, 0.00
1638784118, 307, 0, 1718, 1432, 776, 10.39%, 0, 3, 18, 0.00
1638784142, 308, 0, 1718, 1432, 776, 10.39%, 0, 3, 18, 0.00
1638784166, 309, 0, 1718, 1432, 776, 10.39%, 0, 3, 18, 0.00
1638784189, 310, 0, 1718, 1432, 776, 10.39%, 0, 3, 18, 0.00
1638784212, 311, 0, 1718, 1432, 776, 10.39%, 0, 3, 18, 0.00
1638784235, 312, 0, 1718, 1432, 776, 10.39%, 0, 3, 18, 0.00
1638784247, 312, 896, 1718, 1432, 776, 10.39%, 0, 3, 18, 0.00
