# unix_time, cycles_done, cur_path, paths_total, pending_total, pending_favs, map_size, unique_crashes, unique_hangs, max_depth, execs_per_sec
1638715862, 0, 0, 1, 1, 1, 1.22%, 0, 0, 1, 1142.86
1638715867, 0, 0, 148, 148, 1, 3.11%, 0, 0, 2, 1752.47
1638715872, 0, 0, 164, 164, 1, 3.22%, 0, 0, 2, 1902.27
1638715878, 0, 0, 196, 196, 1, 3.30%, 0, 0, 2, 1906.51
1638715883, 0, 0, 210, 210, 1, 3.32%, 0, 0, 2, 1911.54
1638715888, 0, 0, 218, 218, 1, 3.46%, 0, 0, 2, 1900.11
1638715893, 0, 84, 220, 219, 130, 3.46%, 0, 0, 2, 1906.45
1638715903, 0, 92, 227, 225, 129, 3.52%, 0, 0, 3, 1929.89
1638715908, 0, 92, 230, 228, 129, 3.60%, 0, 0, 3, 1975.87
1638715913, 0, 108, 235, 232, 139, 3.62%, 0, 0, 3, 1970.57
1638715924, 0, 109, 244, 240, 140, 3.63%, 0, 0, 3, 1891.02
1638715929, 0, 109, 250, 246, 140, 3.64%, 0, 0, 3, 1887.36
1638715934, 0, 109, 260, 256, 140, 3.68%, 0, 0, 3, 1874.96
1638715939, 0, 109, 261, 257, 140, 3.68%, 0, 0, 3, 1863.41
1638715954, 0, 117, 270, 265, 158, 3.91%, 0, 0, 3, 1996.94
1638715959, 0, 117, 273, 268, 158, 3.91%, 0, 0, 3, 2018.45
1638715964, 0, 117, 279, 274, 158, 4.01%, 0, 0, 3, 2019.91
1638715969, 0, 117, 282, 277, 158, 4.02%, 0, 0, 3, 2013.69
1638715974, 0, 117, 285, 280, 158, 4.05%, 0, 0, 3, 1997.32
1638715979, 0, 133, 288, 282, 170, 4.07%, 0, 0, 3, 1888.26
1638715990, 0, 157, 290, 283, 171, 4.07%, 0, 0, 3, 1843.21
1638715995, 0, 170, 291, 283, 170, 4.07%, 0, 0, 3, 1869.20
1638716005, 0, 209, 293, 284, 170, 4.08%, 0, 0, 3, 1936.61
1638716015, 0, 214, 301, 291, 172, 4.18%, 0, 0, 3, 1897.77
1638716026, 0, 215, 312, 301, 183, 4.25%, 0, 0, 3, 1891.04
1638716031, 0, 215, 322, 311, 183, 4.26%, 0, 0, 3, 1851.79
1638716036, 0, 215, 325, 314, 183, 4.27%, 0, 0, 3, 1838.88
1638716041, 0, 215, 329, 318, 183, 4.27%, 0, 0, 3, 1838.81
1638716051, 0, 215, 330, 319, 183, 4.28%, 0, 0, 3, 1853.89
1638716056, 0, 216, 337, 325, 196, 4.31%, 0, 0, 3, 1971.78
1638716067, 0, 220, 341, 328, 201, 4.34%, 0, 0, 4, 2014.59
1638716072, 0, 220, 342, 329, 201, 4.34%, 0, 0, 4, 2003.31
1638716077, 0, 265, 347, 333, 205, 4.40%, 0, 0, 4, 2008.49
1638716087, 0, 273, 364, 349, 210, 4.52%, 0, 0, 4, 1962.24
1638716092, 0, 273, 378, 363, 210, 4.56%, 0, 0, 4, 1936.79
1638716097, 0, 273, 426, 411, 210, 4.65%, 0, 0, 4, 1925.47
1638716102, 0, 273, 434, 419, 210, 4.68%, 0, 0, 4, 1907.05
1638716107, 0, 273, 441, 426, 210, 4.68%, 0, 0, 4, 1863.87
1638716112, 0, 275, 448, 432, 239, 4.76%, 0, 0, 4, 1914.21
1638716122, 0, 275, 454, 438, 239, 4.77%, 0, 0, 4, 1918.99
1638716127, 0, 275, 456, 440, 239, 4.77%, 0, 0, 4, 1922.89
1638716133, 0, 275, 458, 442, 239, 4.79%, 0, 0, 4, 1933.56
1638716138, 0, 284, 467, 450, 244, 4.84%, 0, 0, 4, 1927.17
1638716143, 0, 284, 476, 459, 244, 4.89%, 0, 0, 4, 1853.45
1638716148, 0, 292, 482, 464, 258, 4.93%, 0, 0, 4, 1851.43
1638716158, 0, 295, 487, 468, 260, 4.96%, 0, 0, 4, 1896.53
1638716163, 0, 295, 490, 471, 260, 4.97%, 0, 0, 4, 1867.78
1638716168, 0, 295, 495, 476, 260, 4.98%, 0, 0, 4, 1870.58
1638716173, 0, 297, 499, 479, 267, 5.01%, 0, 0, 4, 1830.15
1638716178, 0, 297, 504, 484, 267, 5.03%, 0, 0, 4, 1812.11
1638716184, 0, 299, 516, 495, 273, 5.11%, 0, 0, 4, 1894.91
1638716189, 0, 299, 522, 501, 273, 5.14%, 0, 0, 4, 1906.42
1638716194, 0, 304, 532, 510, 288, 5.16%, 0, 0, 4, 1862.86
1638716204, 0, 304, 536, 514, 288, 5.17%, 0, 0, 4, 1845.06
1638716209, 0, 304, 537, 515, 288, 5.17%, 0, 0, 4, 1837.87
1638716214, 0, 304, 539, 517, 288, 5.18%, 0, 0, 4, 1848.06
1638716219, 0, 307, 541, 518, 293, 5.20%, 0, 0, 4, 1865.20
1638716230, 0, 324, 543, 519, 294, 5.21%, 0, 0, 4, 1889.28
1638716240, 0, 330, 548, 523, 295, 5.25%, 0, 0, 4, 1845.30
1638716250, 0, 337, 550, 524, 298, 5.26%, 0, 0, 5, 1965.17
1638716260, 0, 338, 552, 525, 299, 5.27%, 0, 0, 5, 2022.24
1638716271, 0, 339, 556, 528, 300, 5.31%, 0, 0, 5, 2017.02
1638716281, 0, 342, 564, 535, 303, 5.34%, 0, 0, 5, 2003.90
1638716291, 0, 378, 569, 539, 307, 5.35%, 0, 0, 5, 1946.59
1638716306, 0, 426, 569, 538, 308, 5.35%, 0, 0, 5, 1888.24
1638716311, 0, 426, 575, 544, 308, 5.41%, 0, 0, 5, 1878.94
1638716316, 0, 427, 576, 544, 313, 5.41%, 0, 0, 5, 1916.08
1638716322, 0, 427, 578, 546, 313, 5.41%, 0, 0, 5, 1916.86
1638716327, 0, 438, 583, 550, 313, 5.42%, 0, 0, 5, 1919.60
1638716337, 0, 439, 584, 550, 317, 5.43%, 0, 0, 5, 1929.43
1638716347, 0, 441, 590, 555, 317, 5.47%, 0, 0, 5, 1938.53
1638716352, 0, 441, 592, 557, 317, 5.47%, 0, 0, 5, 1914.84
1638716357, 0, 444, 603, 567, 327, 5.57%, 0, 0, 5, 1935.53
1638716362, 0, 444, 604, 568, 327, 5.57%, 0, 0, 5, 1910.17
1638716367, 0, 444, 608, 572, 327, 5.58%, 0, 0, 5, 1901.30
1638716373, 0, 447, 609, 572, 338, 5.58%, 0, 0, 5, 1958.87
1638716383, 0, 457, 622, 584, 338, 5.60%, 0, 0, 5, 1949.98
1638716388, 0, 457, 625, 587, 338, 5.60%, 0, 0, 5, 1899.37
1638716393, 0, 457, 629, 591, 338, 5.60%, 0, 0, 5, 1913.14
1638716398, 0, 463, 633, 594, 342, 5.63%, 0, 0, 5, 1853.72
1638716403, 0, 463, 636, 597, 342, 5.65%, 0, 0, 5, 1680.22
1638716408, 0, 463, 643, 604, 342, 5.69%, 0, 0, 5, 1712.84
1638716414, 0, 463, 646, 607, 342, 5.70%, 0, 0, 5, 1773.39
1638716424, 0, 464, 646, 606, 352, 5.70%, 0, 0, 5, 1825.45
1638716429, 0, 464, 647, 607, 352, 5.70%, 0, 0, 5, 1818.08
1638716434, 0, 493, 648, 607, 352, 5.70%, 0, 0, 5, 1820.80
1638716444, 0, 496, 650, 608, 352, 5.70%, 0, 0, 5, 1848.32
1638716455, 0, 496, 654, 612, 352, 5.74%, 0, 0, 5, 1790.48
1638716460, 0, 496, 655, 613, 352, 5.74%, 0, 0, 5, 1776.28
1638716465, 0, 507, 663, 620, 358, 5.83%, 0, 0, 5, 1870.65
1638716470, 0, 507, 664, 621, 358, 5.87%, 0, 0, 5, 1922.16
1638716475, 0, 510, 669, 625, 366, 5.93%, 0, 0, 5, 1914.55
1638716485, 0, 512, 669, 624, 369, 5.93%, 0, 0, 5, 1911.20
1638716495, 0, 516, 671, 625, 370, 5.99%, 0, 0, 5, 1940.99
1638716500, 0, 516, 673, 627, 370, 5.99%, 0, 0, 5, 1950.56
1638716506, 0, 516, 675, 629, 370, 5.99%, 0, 0, 5, 1945.36
1638716511, 0, 516, 676, 630, 370, 5.99%, 0, 0, 5, 1952.82
1638716516, 0, 521, 687, 640, 370, 6.02%, 0, 0, 5, 1946.81
1638716521, 0, 521, 690, 643, 370, 6.02%, 0, 0, 5, 1944.49
1638716526, 0, 521, 696, 649, 370, 6.02%, 0, 0, 5, 1963.04
1638716531, 0, 521, 698, 651, 370, 6.02%, 0, 0, 5, 1947.15
1638716541, 0, 526, 701, 653, 373, 6.03%, 0, 0, 5, 1922.44
1638716546, 0, 526, 702, 654, 373, 6.03%, 0, 0, 5, 1843.01
1638716551, 0, 527, 704, 655, 375, 6.03%, 0, 0, 5, 1861.49
1638716562, 0, 527, 705, 656, 375, 6.03%, 0, 0, 5, 1848.48
1638716567, 0, 532, 708, 658, 377, 6.04%, 0, 0, 5, 1857.78
1638716577, 0, 534, 722, 671, 378, 6.09%, 0, 0, 5, 1827.97
1638716582, 0, 534, 724, 673, 378, 6.09%, 0, 0, 5, 1814.33
1638716587, 0, 534, 727, 676, 378, 6.09%, 0, 0, 5, 1812.03
1638716592, 0, 534, 728, 677, 378, 6.09%, 0, 0, 5, 1807.79
1638716597, 0, 534, 729, 678, 378, 6.09%, 0, 0, 5, 1825.83
1638716602, 0, 538, 737, 685, 389, 6.11%, 0, 0, 5, 1808.83
1638716608, 0, 538, 738, 686, 389, 6.11%, 0, 0, 5, 1820.89
1638716613, 0, 539, 739, 686, 394, 6.11%, 0, 0, 5, 1855.19
1638716623, 0, 541, 740, 686, 393, 6.11%, 0, 0, 5, 1888.58
1638716633, 0, 543, 741, 686, 393, 6.11%, 0, 0, 5, 1848.51
1638716644, 0, 544, 744, 688, 393, 6.12%, 0, 0, 5, 1830.17
1638716649, 0, 544, 745, 689, 393, 6.12%, 0, 0, 5, 1823.56
1638716654, 0, 545, 747, 690, 397, 6.12%, 0, 0, 5, 1832.19
1638716659, 0, 545, 752, 695, 397, 6.17%, 0, 0, 5, 1825.09
1638716664, 0, 545, 760, 703, 397, 6.29%, 0, 0, 5, 1829.32
1638716669, 0, 545, 763, 706, 397, 6.29%, 0, 0, 5, 1829.54
1638716674, 0, 545, 766, 709, 397, 6.30%, 0, 0, 5, 1830.59
1638716679, 0, 545, 768, 711, 397, 6.31%, 0, 0, 5, 1817.31
1638716685, 0, 547, 772, 714, 411, 6.32%, 0, 0, 5, 1828.85
1638716695, 0, 548, 774, 715, 412, 6.34%, 0, 0, 6, 1929.13
1638716705, 0, 550, 775, 715, 412, 6.43%, 0, 0, 6, 1993.02
1638716715, 0, 551, 775, 714, 412, 6.43%, 0, 0, 6, 1983.83
1638716726, 0, 553, 775, 713, 411, 6.43%, 0, 0, 6, 2020.37
1638716731, 0, 553, 777, 715, 411, 6.43%, 0, 0, 6, 2022.92
1638716741, 0, 554, 780, 717, 412, 6.47%, 0, 0, 6, 2022.92
1638716751, 0, 555, 786, 722, 415, 6.51%, 0, 0, 6, 1959.36
1638716756, 0, 555, 787, 723, 415, 6.51%, 0, 0, 6, 1928.07
1638716761, 0, 555, 790, 726, 415, 6.52%, 0, 0, 6, 1803.26
1638716766, 0, 555, 791, 727, 415, 6.52%, 0, 0, 6, 1879.17
1638716771, 0, 560, 794, 729, 421, 6.54%, 0, 0, 6, 1980.47
1638716782, 0, 567, 797, 731, 423, 6.58%, 0, 0, 6, 1962.46
1638716792, 0, 568, 797, 730, 425, 6.58%, 0, 0, 6, 1918.10
1638716802, 0, 571, 800, 732, 425, 6.59%, 0, 0, 6, 1901.36
1638716812, 0, 572, 800, 731, 426, 6.59%, 0, 0, 6, 1888.18
1638716817, 0, 572, 801, 732, 426, 6.60%, 0, 0, 6, 1902.30
1638716822, 0, 572, 804, 735, 426, 6.61%, 0, 0, 6, 1903.67
1638716827, 0, 573, 810, 740, 428, 6.65%, 0, 0, 6, 1887.25
1638716832, 0, 573, 811, 741, 428, 6.66%, 0, 0, 6, 1862.51
1638716837, 0, 574, 812, 741, 434, 6.66%, 0, 0, 6, 1882.64
1638716848, 0, 584, 816, 744, 434, 6.74%, 0, 0, 6, 1897.95
1638716853, 0, 584, 820, 748, 434, 6.80%, 0, 0, 6, 1887.99
1638716858, 0, 584, 825, 753, 434, 6.81%, 0, 0, 6, 1899.30
1638716863, 0, 584, 826, 754, 434, 6.82%, 0, 0, 6, 1898.51
1638716868, 0, 584, 827, 755, 434, 6.82%, 0, 0, 6, 1891.65
1638716873, 0, 584, 830, 758, 434, 6.83%, 0, 0, 6, 1891.72
1638716878, 0, 585, 833, 760, 445, 6.84%, 0, 0, 6, 1907.35
1638716889, 0, 586, 833, 759, 446, 6.84%, 0, 0, 6, 1915.13
1638716899, 0, 597, 836, 761, 445, 6.86%, 0, 0, 6, 1892.80
1638716909, 0, 599, 847, 771, 455, 6.93%, 0, 0, 6, 1900.96
1638716914, 0, 599, 850, 774, 455, 6.94%, 0, 0, 6, 1919.59
1638716919, 0, 599, 863, 787, 455, 6.96%, 0, 0, 6, 1905.09
1638716924, 0, 599, 865, 789, 455, 6.96%, 0, 0, 6, 1905.03
1638716929, 0, 599, 867, 791, 455, 6.96%, 0, 0, 6, 1908.32
1638716940, 0, 600, 873, 796, 465, 6.98%, 0, 0, 6, 1915.59
1638716950, 0, 601, 876, 798, 471, 6.98%, 0, 0, 6, 1907.99
1638716955, 0, 601, 877, 799, 471, 6.98%, 0, 0, 6, 1897.51
1638716960, 0, 624, 880, 801, 473, 6.98%, 0, 0, 6, 1872.51
1638716970, 0, 630, 882, 802, 473, 6.98%, 0, 0, 6, 1852.87
1638716975, 0, 630, 883, 803, 473, 6.99%, 0, 0, 6, 1817.29
1638716980, 0, 640, 890, 809, 474, 7.00%, 0, 0, 6, 1827.36
1638716986, 0, 640, 894, 813, 474, 7.02%, 0, 0, 6, 1792.50
1638716991, 0, 646, 896, 814, 483, 7.03%, 0, 0, 6, 1808.50
1638717001, 0, 647, 898, 815, 484, 7.04%, 0, 0, 6, 1840.80
1638717011, 0, 654, 900, 816, 485, 7.05%, 0, 0, 6, 1803.20
1638717021, 0, 657, 901, 816, 486, 7.06%, 0, 0, 6, 1911.60
1638717031, 0, 658, 907, 821, 486, 7.08%, 0, 0, 6, 1971.49
1638717036, 0, 658, 908, 822, 486, 7.09%, 0, 0, 6, 1948.75
1638717041, 0, 659, 910, 823, 490, 7.10%, 0, 0, 6, 1954.10
1638717052, 0, 660, 910, 822, 489, 7.10%, 0, 0, 6, 1927.07
1638717067, 0, 661, 912, 823, 488, 7.12%, 0, 0, 6, 1962.76
1638717077, 0, 663, 932, 842, 489, 7.25%, 0, 0, 6, 1946.60
1638717082, 0, 663, 936, 846, 489, 7.26%, 0, 0, 6, 1946.97
1638717087, 0, 663, 940, 850, 489, 7.26%, 0, 0, 6, 1957.01
1638717092, 0, 663, 941, 851, 489, 7.26%, 0, 0, 6, 1946.60
1638717097, 0, 663, 942, 852, 489, 7.26%, 0, 0, 6, 1943.89
1638717103, 0, 665, 950, 859, 503, 7.31%, 0, 0, 6, 1921.98
1638717108, 0, 665, 951, 860, 503, 7.31%, 0, 0, 6, 1903.15
1638717113, 0, 672, 955, 863, 505, 7.31%, 0, 0, 6, 1916.47
1638717123, 0, 674, 957, 864, 506, 7.32%, 0, 0, 6, 1940.48
1638717128, 0, 674, 958, 865, 506, 7.32%, 0, 0, 6, 1946.81
1638717133, 0, 696, 960, 866, 505, 7.33%, 0, 0, 6, 1955.99
1638717143, 0, 699, 961, 866, 506, 7.33%, 0, 0, 6, 1863.68
1638717153, 0, 702, 962, 866, 506, 7.33%, 0, 0, 6, 1835.62
1638717164, 0, 707, 962, 865, 505, 7.33%, 0, 0, 6, 1875.36
1638717174, 0, 709, 975, 877, 504, 7.36%, 0, 0, 6, 1874.75
1638717179, 0, 709, 976, 878, 504, 7.37%, 0, 0, 6, 1836.07
1638717184, 0, 709, 985, 887, 504, 7.38%, 0, 0, 6, 1831.20
1638717189, 0, 709, 987, 889, 504, 7.39%, 0, 0, 6, 1845.37
1638717199, 0, 712, 988, 889, 516, 7.40%, 0, 0, 6, 1844.60
1638717205, 0, 712, 990, 891, 516, 7.41%, 0, 0, 6, 1805.73
1638717210, 0, 712, 991, 892, 516, 7.41%, 0, 0, 6, 1807.37
1638717215, 0, 713, 994, 894, 518, 7.42%, 0, 0, 6, 1801.70
1638717220, 0, 713, 998, 898, 518, 7.43%, 0, 0, 6, 1800.36
1638717230, 0, 721, 998, 897, 523, 7.43%, 0, 0, 6, 1822.86
1638717240, 0, 728, 999, 897, 522, 7.44%, 0, 0, 6, 1823.09
1638717245, 0, 728, 1001, 899, 522, 7.45%, 0, 0, 6, 1836.74
1638717250, 0, 739, 1003, 900, 524, 7.45%, 0, 0, 6, 2020.24
1638717255, 0, 747, 1009, 905, 524, 7.49%, 0, 0, 6, 1894.42
1638717261, 0, 747, 1012, 908, 524, 7.52%, 0, 0, 6, 1820.07
1638717266, 0, 749, 1015, 910, 531, 7.57%, 0, 0, 6, 1804.79
1638717271, 0, 749, 1017, 912, 531, 7.57%, 0, 0, 6, 1795.11
1638717276, 0, 755, 1024, 918, 533, 7.58%, 0, 0, 6, 1814.09
1638717281, 0, 755, 1025, 919, 533, 7.58%, 0, 0, 6, 1804.71
1638717286, 0, 755, 1027, 921, 533, 7.58%, 0, 0, 6, 1813.00
1638717291, 0, 768, 1051, 944, 538, 7.60%, 0, 0, 6, 1831.55
1638717296, 0, 768, 1058, 951, 538, 7.60%, 0, 0, 6, 1822.11
1638717301, 0, 768, 1059, 952, 538, 7.60%, 0, 0, 6, 1803.64
1638717306, 0, 768, 1061, 954, 538, 7.60%, 0, 0, 6, 1811.75
1638717311, 0, 768, 1062, 955, 538, 7.60%, 0, 0, 6, 1810.99
1638717316, 0, 770, 1065, 957, 549, 7.63%, 0, 0, 6, 1831.76
1638717321, 0, 770, 1069, 961, 549, 7.67%, 0, 0, 6, 1811.40
1638717326, 0, 772, 1072, 963, 556, 7.70%, 0, 0, 7, 1926.04
1638717337, 0, 778, 1072, 962, 556, 7.70%, 0, 0, 7, 2000.75
1638717347, 0, 780, 1075, 964, 555, 7.70%, 0, 0, 7, 1981.93
1638717352, 0, 780, 1078, 967, 555, 7.71%, 0, 0, 7, 1977.13
1638717357, 0, 790, 1080, 968, 558, 7.71%, 0, 0, 7, 1939.85
1638717362, 0, 795, 1080, 967, 559, 7.71%, 0, 0, 7, 1930.07
1638717372, 0, 804, 1081, 967, 558, 7.71%, 0, 0, 7, 1905.53
1638717382, 0, 811, 1081, 966, 558, 7.71%, 0, 0, 7, 1901.00
1638717393, 0, 828, 1082, 966, 557, 7.72%, 0, 0, 7, 1887.11
1638717398, 0, 828, 1085, 969, 557, 7.75%, 0, 0, 7, 1862.82
1638717403, 0, 828, 1094, 978, 557, 7.78%, 0, 0, 7, 1867.04
1638717413, 0, 828, 1097, 981, 557, 7.78%, 0, 0, 7, 1852.67
1638717423, 0, 831, 1100, 983, 566, 7.79%, 0, 0, 7, 1894.58
1638717429, 0, 831, 1103, 986, 566, 7.82%, 0, 0, 7, 1904.04
1638717434, 0, 842, 1105, 987, 571, 7.82%, 0, 0, 7, 1888.89
1638717444, 0, 843, 1110, 991, 572, 7.90%, 0, 0, 7, 1893.03
1638717454, 0, 884, 1112, 992, 576, 7.91%, 0, 0, 7, 1834.17
1638717459, 0, 884, 1113, 993, 576, 7.91%, 0, 0, 7, 1795.07
1638717464, 0, 887, 1114, 993, 577, 7.91%, 0, 0, 7, 1811.81
1638717470, 0, 889, 1114, 992, 577, 7.91%, 0, 0, 7, 1821.52
1638717480, 0, 895, 1117, 994, 576, 7.91%, 0, 0, 7, 1885.35
1638717485, 0, 895, 1119, 996, 576, 7.93%, 0, 0, 7, 1885.88
1638717490, 0, 897, 1121, 997, 581, 7.96%, 0, 0, 7, 1879.03
1638717500, 0, 899, 1125, 1000, 580, 7.97%, 0, 0, 7, 1859.57
1638717510, 0, 943, 1126, 1000, 582, 7.98%, 0, 0, 7, 1823.12
1638717520, 0, 944, 1126, 999, 581, 7.98%, 0, 0, 7, 1895.60
1638717531, 0, 944, 1127, 1000, 581, 7.98%, 0, 0, 7, 1954.72
1638717536, 0, 946, 1127, 999, 581, 7.98%, 0, 0, 7, 1869.60
1638717541, 0, 946, 1128, 1000, 581, 7.98%, 0, 0, 7, 1837.48
1638717546, 0, 949, 1129, 1000, 581, 7.98%, 0, 0, 7, 1915.65
1638717556, 0, 952, 1132, 1002, 581, 7.99%, 0, 0, 7, 1909.96
1638717561, 0, 952, 1133, 1003, 581, 7.99%, 0, 0, 7, 1901.10
1638717566, 0, 955, 1134, 1003, 585, 8.00%, 0, 0, 7, 1933.48
1638717577, 0, 956, 1134, 1002, 585, 8.00%, 0, 0, 7, 1962.22
1638717582, 0, 958, 1136, 1003, 584, 8.00%, 0, 0, 7, 1947.59
1638717592, 0, 959, 1137, 1003, 585, 8.00%, 0, 0, 7, 1952.15
1638717602, 0, 979, 1146, 1011, 585, 8.03%, 0, 0, 7, 1931.55
1638717607, 0, 979, 1147, 1012, 585, 8.04%, 0, 0, 7, 1845.20
1638717613, 0, 979, 1151, 1016, 585, 8.04%, 0, 0, 7, 1830.45
1638717618, 0, 979, 1153, 1018, 585, 8.06%, 0, 0, 7, 1828.92
1638717628, 0, 985, 1153, 1017, 594, 8.06%, 0, 0, 7, 1842.08
1638717633, 0, 985, 1155, 1019, 594, 8.06%, 0, 0, 7, 1831.90
1638717638, 0, 987, 1155, 1018, 594, 8.06%, 0, 0, 7, 1827.40
1638717644, 0, 987, 1157, 1020, 594, 8.07%, 0, 0, 7, 1827.08
1638717649, 0, 989, 1157, 1019, 595, 8.07%, 0, 0, 7, 1839.18
1638717654, 0, 989, 1158, 1020, 595, 8.07%, 0, 0, 7, 1824.95
1638717659, 0, 994, 1161, 1022, 595, 8.08%, 0, 0, 7, 1826.70
1638717664, 0, 994, 1162, 1023, 595, 8.08%, 0, 0, 7, 1787.77
1638717669, 0, 994, 1166, 1027, 595, 8.09%, 0, 0, 7, 1785.94
1638717674, 0, 994, 1168, 1029, 595, 8.09%, 0, 0, 7, 1783.23
1638717690, 0, 997, 1168, 1028, 603, 8.09%, 0, 0, 7, 1804.68
1638717695, 0, 999, 1168, 1027, 602, 8.09%, 0, 0, 7, 1810.08
1638717705, 0, 1004, 1170, 1028, 601, 8.10%, 0, 0, 7, 1856.31
1638717710, 0, 1004, 1171, 1029, 601, 8.10%, 0, 0, 7, 1844.75
1638717715, 0, 1011, 1175, 1032, 604, 8.10%, 0, 0, 7, 1840.82
1638717725, 0, 1021, 1176, 1032, 606, 8.11%, 0, 0, 7, 1820.92
1638717736, 0, 1032, 1186, 1041, 606, 8.12%, 0, 0, 7, 1832.53
1638717741, 0, 1032, 1190, 1045, 606, 8.13%, 0, 0, 7, 1798.66
1638717746, 0, 1032, 1193, 1048, 606, 8.13%, 0, 0, 7, 1793.48
1638717751, 0, 1064, 1194, 1048, 617, 8.13%, 0, 0, 7, 1806.00
1638717761, 0, 1068, 1198, 1051, 616, 8.14%, 0, 0, 7, 1474.87
1638717797, 0, 1068, 1199, 1052, 616, 8.14%, 0, 0, 7, 158.42
1638717812, 0, 1070, 1201, 1053, 620, 8.16%, 0, 0, 8, 171.59
1638717838, 0, 1070, 1202, 1054, 620, 8.16%, 0, 0, 8, 173.80
1638717914, 0, 1072, 1205, 1056, 620, 8.17%, 0, 0, 8, 2003.56
1638717920, 0, 1075, 1218, 1068, 622, 8.34%, 0, 0, 8, 1686.04
1638717925, 0, 1081, 1220, 1069, 633, 8.34%, 0, 0, 8, 1148.15
1638717930, 0, 1081, 1222, 1071, 633, 8.35%, 0, 0, 8, 165.89
1638717935, 0, 1081, 1223, 1072, 633, 8.35%, 0, 0, 8, 165.48
1638717960, 0, 1081, 1226, 1075, 633, 8.35%, 0, 0, 8, 164.88
1638718037, 0, 1089, 1226, 1074, 638, 8.35%, 0, 0, 8, 168.45
1638718042, 0, 1089, 1229, 1077, 638, 8.36%, 0, 0, 8, 174.22
1638718063, 0, 1089, 1230, 1078, 638, 8.36%, 0, 0, 8, 165.41
1638718129, 0, 1089, 1231, 1079, 638, 8.36%, 0, 0, 8, 166.41
1638718155, 0, 1100, 1231, 1078, 641, 8.36%, 0, 0, 8, 161.40
1638718160, 0, 1100, 1233, 1080, 641, 8.37%, 0, 0, 8, 166.15
1638718170, 0, 1100, 1234, 1081, 641, 8.38%, 0, 0, 8, 166.34
1638718181, 0, 1100, 1237, 1084, 641, 8.38%, 0, 0, 8, 167.58
1638718206, 0, 1100, 1239, 1086, 641, 8.40%, 0, 0, 8, 162.71
1638718278, 0, 1101, 1239, 1085, 645, 8.40%, 0, 0, 8, 169.38
1638718283, 0, 1101, 1242, 1088, 645, 8.40%, 0, 0, 8, 174.19
1638718370, 0, 1101, 1243, 1089, 645, 8.40%, 0, 0, 8, 165.78
1638718375, 0, 1101, 1245, 1091, 645, 8.40%, 0, 0, 8, 165.81
1638718401, 0, 1101, 1246, 1092, 645, 8.40%, 0, 0, 8, 164.56
1638718416, 0, 1104, 1246, 1091, 644, 8.40%, 0, 0, 8, 171.42
1638718442, 0, 1104, 1248, 1093, 644, 8.40%, 0, 0, 8, 165.71
1638718544, 0, 1106, 1249, 1093, 645, 8.40%, 0, 0, 8, 165.54
1638718549, 0, 1106, 1251, 1095, 645, 8.44%, 0, 0, 8, 176.19
1638718631, 0, 1106, 1255, 1099, 645, 8.45%, 0, 0, 8, 164.18
1638718651, 0, 1106, 1257, 1101, 645, 8.46%, 0, 0, 8, 163.85
1638718672, 0, 1106, 1258, 1102, 645, 8.46%, 0, 0, 8, 165.08
1638718703, 0, 1107, 1259, 1102, 653, 8.46%, 0, 0, 8, 166.86
1638718708, 0, 1107, 1261, 1104, 653, 8.47%, 0, 0, 8, 171.93
1638718713, 0, 1107, 1262, 1105, 653, 8.48%, 0, 0, 8, 168.50
1638718723, 0, 1107, 1263, 1106, 653, 8.49%, 0, 0, 8, 167.45
1638718795, 0, 1107, 1264, 1107, 653, 8.49%, 0, 0, 8, 164.00
1638718825, 0, 1109, 1264, 1106, 658, 8.49%, 0, 0, 8, 170.77
1638718831, 0, 1109, 1267, 1109, 658, 8.49%, 0, 0, 8, 173.19
1638718963, 0, 1109, 1268, 1110, 658, 8.50%, 0, 0, 8, 93.40
1638718994, 0, 1111, 1268, 1109, 660, 8.50%, 0, 0, 8, 80.91
1638719004, 0, 1111, 1269, 1110, 660, 8.50%, 0, 0, 8, 84.08
1638719019, 0, 1111, 1271, 1112, 660, 8.51%, 0, 0, 8, 85.55
1638719066, 0, 1111, 1272, 1113, 660, 8.51%, 0, 0, 8, 82.81
1638719215, 0, 1112, 1272, 1112, 660, 8.51%, 0, 0, 8, 90.26
1638719225, 0, 1112, 1273, 1113, 660, 8.53%, 0, 0, 8, 89.31
1638719429, 0, 1112, 1274, 1114, 660, 8.53%, 0, 0, 8, 81.23
1638719465, 0, 1113, 1274, 1113, 660, 8.53%, 0, 0, 8, 87.33
1638719475, 0, 1113, 1275, 1114, 660, 8.53%, 0, 0, 8, 85.85
1638719680, 0, 1115, 1275, 1113, 659, 8.53%, 0, 0, 8, 81.68
1638719885, 0, 1115, 1276, 1114, 659, 8.53%, 0, 0, 8, 106.84
1638719901, 0, 1115, 1277, 1115, 659, 8.53%, 0, 0, 8, 113.68
1638719941, 0, 1119, 1277, 1114, 659, 8.53%, 0, 0, 8, 77.23
1638719946, 0, 1119, 1284, 1121, 659, 8.57%, 0, 0, 8, 89.28
1638720161, 0, 1124, 1284, 1120, 663, 8.57%, 0, 0, 8, 22.22
1638720370, 0, 1124, 1285, 1121, 663, 8.60%, 0, 0, 8, 86.75
1638720401, 0, 1125, 1285, 1120, 663, 8.60%, 0, 0, 8, 110.14
1638720406, 0, 1125, 1290, 1125, 663, 8.61%, 0, 0, 8, 115.32
1638720421, 0, 1125, 1291, 1126, 663, 8.62%, 0, 0, 8, 84.72
1638720594, 0, 1125, 1292, 1127, 663, 8.62%, 0, 0, 8, 81.01
1638720599, 0, 1125, 1293, 1128, 663, 8.62%, 0, 0, 8, 83.89
1638720615, 0, 1125, 1294, 1129, 663, 8.62%, 0, 0, 8, 77.34
1638720671, 0, 1125, 1295, 1130, 663, 8.62%, 0, 0, 8, 104.09
1638720759, 0, 1125, 1296, 1131, 663, 8.62%, 0, 0, 8, 97.84
1638720892, 0, 1125, 1297, 1132, 663, 8.66%, 0, 0, 8, 86.22
1638720917, 0, 1129, 1298, 1132, 667, 8.66%, 0, 0, 8, 95.98
1638721091, 0, 1130, 1298, 1131, 666, 8.66%, 0, 0, 8, 126.17
1638721096, 0, 1130, 1299, 1132, 666, 8.68%, 0, 0, 8, 125.37
1638721141, 0, 1130, 1301, 1134, 666, 8.74%, 0, 0, 8, 91.42
1638721284, 0, 1131, 1301, 1133, 668, 8.74%, 0, 0, 8, 114.80
1638721468, 0, 1133, 1301, 1132, 667, 8.74%, 0, 0, 8, 120.79
1638721504, 0, 1133, 1302, 1133, 667, 8.74%, 0, 0, 8, 126.96
1638721642, 0, 1135, 1302, 1132, 667, 8.74%, 0, 0, 8, 129.77
1638721825, 0, 1151, 1302, 1131, 666, 8.74%, 0, 0, 8, 120.11
1638721830, 0, 1151, 1307, 1136, 666, 8.75%, 0, 0, 8, 118.55
1638721841, 0, 1151, 1309, 1138, 666, 8.75%, 0, 0, 8, 118.61
1638721846, 0, 1151, 1310, 1139, 666, 8.75%, 0, 0, 8, 116.33
1638721886, 0, 1151, 1316, 1145, 666, 8.76%, 0, 0, 8, 114.10
1638721948, 0, 1151, 1317, 1146, 666, 8.76%, 0, 0, 8, 106.32
1638721983, 0, 1155, 1317, 1145, 669, 8.76%, 0, 0, 8, 121.08
1638721988, 0, 1155, 1318, 1146, 669, 8.76%, 0, 0, 8, 121.88
1638722045, 0, 1155, 1320, 1148, 669, 8.77%, 0, 0, 8, 119.96
1638722162, 0, 1157, 1320, 1147, 670, 8.77%, 0, 0, 8, 110.45
1638722172, 0, 1157, 1321, 1148, 670, 8.78%, 0, 0, 8, 114.89
1638722331, 0, 1168, 1321, 1147, 670, 8.78%, 0, 0, 8, 101.53
1638722341, 0, 1168, 1322, 1148, 670, 8.78%, 0, 0, 8, 118.59
1638722509, 0, 1186, 1322, 1147, 670, 8.78%, 0, 0, 8, 115.66
1638722682, 0, 1187, 1323, 1147, 669, 8.78%, 0, 0, 8, 83.76
1638722713, 0, 1187, 1324, 1148, 669, 8.78%, 0, 0, 8, 120.24
1638722856, 0, 1198, 1324, 1147, 670, 8.78%, 0, 0, 8, 123.82
1638722917, 0, 1198, 1325, 1148, 670, 8.79%, 0, 0, 8, 114.62
1638723019, 0, 1199, 1325, 1147, 670, 8.79%, 0, 0, 8, 70.25
1638723198, 0, 1200, 1325, 1146, 669, 8.79%, 0, 0, 8, 129.40
1638723203, 0, 1200, 1326, 1147, 669, 8.80%, 0, 0, 9, 47.08
1638723218, 0, 1200, 1327, 1148, 669, 8.80%, 0, 0, 9, 84.42
1638723223, 0, 1200, 1328, 1149, 669, 8.81%, 0, 0, 9, 105.33
1638723392, 0, 1205, 1328, 1148, 671, 8.81%, 0, 0, 9, 162.89
1638723397, 0, 1205, 1334, 1154, 671, 9.00%, 0, 0, 9, 133.33
1638723402, 0, 1205, 1335, 1155, 671, 9.02%, 0, 0, 9, 129.44
1638723412, 0, 1205, 1336, 1156, 671, 9.03%, 0, 0, 9, 120.87
1638723417, 0, 1205, 1337, 1157, 671, 9.03%, 0, 0, 9, 122.67
1638723422, 0, 1205, 1338, 1158, 671, 9.04%, 0, 0, 9, 127.22
1638723468, 0, 1205, 1340, 1160, 671, 9.04%, 0, 0, 9, 110.60
1638723560, 0, 1205, 1341, 1161, 671, 9.04%, 0, 0, 9, 71.40
1638723662, 0, 1207, 1342, 1161, 677, 9.05%, 0, 0, 9, 118.19
1638723816, 0, 1207, 1343, 1162, 677, 9.05%, 0, 0, 9, 59.91
1638723903, 0, 1207, 1344, 1163, 677, 9.05%, 0, 0, 9, 107.63
1638723980, 0, 1210, 1344, 1162, 678, 9.05%, 0, 0, 9, 22.17
1638723985, 0, 1210, 1355, 1173, 678, 9.13%, 0, 0, 9, 116.49
1638723995, 0, 1210, 1357, 1175, 678, 9.14%, 0, 0, 9, 101.66
1638724000, 0, 1210, 1359, 1177, 678, 9.17%, 0, 0, 9, 106.66
1638724010, 0, 1210, 1360, 1178, 678, 9.17%, 0, 0, 9, 100.30
1638724415, 0, 1210, 1361, 1179, 678, 9.17%, 0, 0, 9, 36.08
1638724492, 0, 1210, 1362, 1180, 678, 9.17%, 0, 0, 9, 37.23
1638724697, 0, 1210, 1363, 1181, 678, 9.21%, 0, 0, 9, 32.10
1638724826, 0, 1210, 1364, 1182, 678, 9.21%, 0, 0, 9, 18.54
1638724944, 0, 1210, 1365, 1183, 678, 9.23%, 0, 0, 9, 57.22
1638725031, 0, 1212, 1365, 1182, 686, 9.23%, 0, 0, 9, 87.01
1638725201, 0, 1212, 1366, 1183, 686, 9.23%, 0, 0, 9, 63.70
1638725564, 0, 1223, 1367, 1183, 685, 9.23%, 0, 0, 9, 57.68
1638725579, 0, 1223, 1369, 1185, 685, 9.24%, 0, 0, 9, 63.46
1638725584, 0, 1223, 1370, 1186, 685, 9.24%, 0, 0, 9, 63.23
1638725686, 0, 1223, 1371, 1187, 685, 9.24%, 0, 0, 9, 33.08
1638725901, 0, 1223, 1372, 1188, 685, 9.24%, 0, 0, 9, 46.22
1638725926, 0, 1223, 1373, 1189, 685, 9.24%, 0, 0, 9, 60.03
1638725993, 0, 1230, 1373, 1188, 686, 9.24%, 0, 0, 9, 18.52
1638726376, 0, 1233, 1373, 1187, 685, 9.24%, 0, 0, 9, 61.71
1638726786, 0, 1237, 1373, 1186, 684, 9.24%, 0, 0, 9, 49.85
1638726801, 0, 1237, 1374, 1187, 684, 9.25%, 0, 0, 9, 49.00
1638727212, 0, 1238, 1376, 1188, 687, 9.25%, 0, 0, 9, 771.19
1638727320, 0, 1238, 1377, 1189, 687, 9.25%, 0, 0, 9, 84.48
1638727371, 0, 1247, 1377, 1188, 686, 9.25%, 0, 0, 9, 77.26
1638727381, 0, 1247, 1378, 1189, 686, 9.26%, 0, 0, 9, 89.96
1638727438, 0, 1247, 1379, 1190, 686, 9.26%, 0, 0, 9, 92.20
1638727570, 0, 1247, 1380, 1191, 686, 9.26%, 0, 0, 9, 88.75
1638727601, 0, 1249, 1380, 1190, 687, 9.26%, 0, 0, 9, 91.93
1638727801, 0, 1250, 1380, 1189, 686, 9.26%, 0, 0, 9, 97.56
1638727806, 0, 1250, 1381, 1190, 686, 9.26%, 0, 0, 9, 81.13
1638727811, 0, 1250, 1384, 1193, 686, 9.28%, 0, 0, 9, 64.75
1638727847, 0, 1250, 1385, 1194, 686, 9.28%, 0, 0, 9, 78.48
1638727970, 0, 1250, 1387, 1196, 686, 9.31%, 0, 0, 9, 92.07
1638727980, 0, 1250, 1388, 1197, 686, 9.32%, 0, 0, 9, 93.59
1638727985, 0, 1250, 1389, 1198, 686, 9.32%, 0, 0, 9, 84.65
1638728006, 0, 1250, 1392, 1201, 686, 9.33%, 0, 0, 9, 100.37
1638728021, 0, 1259, 1392, 1200, 692, 9.33%, 0, 0, 9, 86.99
1638728031, 0, 1259, 1393, 1201, 692, 9.34%, 0, 0, 9, 94.27
1638728088, 0, 1259, 1394, 1202, 692, 9.34%, 0, 0, 9, 79.17
1638728236, 0, 1262, 1394, 1201, 692, 9.34%, 0, 0, 9, 88.10
1638728435, 0, 1265, 1394, 1200, 691, 9.34%, 0, 0, 9, 112.27
1638728446, 0, 1265, 1395, 1201, 691, 9.35%, 0, 0, 9, 98.82
1638728634, 0, 1270, 1395, 1200, 691, 9.35%, 0, 0, 9, 99.13
1638728690, 0, 1270, 1397, 1202, 691, 9.36%, 0, 0, 9, 83.24
1638728701, 0, 1270, 1398, 1203, 691, 9.36%, 0, 0, 9, 86.41
1638728839, 0, 1276, 1398, 1202, 693, 9.36%, 0, 0, 9, 102.81
1638729043, 0, 1278, 1398, 1201, 692, 9.36%, 0, 0, 9, 109.44
1638729053, 0, 1278, 1399, 1202, 692, 9.38%, 0, 0, 9, 70.33
1638729253, 0, 1296, 1399, 1201, 691, 9.38%, 0, 0, 9, 88.44
1638729258, 0, 1296, 1403, 1205, 691, 9.40%, 0, 0, 9, 101.17
1638729273, 0, 1296, 1406, 1208, 691, 9.41%, 0, 0, 9, 97.95
1638729283, 0, 1296, 1408, 1210, 691, 9.42%, 0, 0, 9, 84.36
1638729299, 0, 1296, 1409, 1211, 691, 9.42%, 0, 0, 9, 106.63
1638729304, 0, 1296, 1410, 1212, 691, 9.42%, 0, 0, 9, 86.89
1638729319, 0, 1296, 1411, 1213, 691, 9.42%, 0, 0, 9, 78.14
1638729375, 0, 1296, 1412, 1214, 691, 9.42%, 0, 0, 9, 90.01
1638729518, 0, 1298, 1413, 1214, 700, 9.43%, 0, 0, 9, 93.93
1638729524, 0, 1298, 1414, 1215, 700, 9.45%, 0, 0, 9, 84.30
1638729683, 0, 1298, 1416, 1217, 700, 9.45%, 0, 0, 9, 136.58
1638729698, 0, 1298, 1417, 1218, 700, 9.46%, 0, 0, 9, 134.35
1638729718, 0, 1299, 1417, 1217, 704, 9.46%, 0, 0, 9, 135.75
1638729724, 0, 1299, 1419, 1219, 704, 9.46%, 0, 0, 9, 110.55
1638729729, 0, 1299, 1421, 1221, 704, 9.46%, 0, 0, 9, 128.28
1638729760, 0, 1299, 1422, 1222, 704, 9.49%, 0, 0, 9, 133.38
1638729831, 0, 1299, 1423, 1223, 704, 9.50%, 0, 0, 9, 124.10
1638729872, 0, 1300, 1423, 1222, 704, 9.50%, 0, 0, 9, 140.00
1638729877, 0, 1300, 1430, 1229, 704, 9.55%, 0, 0, 9, 141.77
1638729882, 0, 1300, 1432, 1231, 704, 9.57%, 0, 0, 9, 143.99
1638729892, 0, 1300, 1433, 1232, 704, 9.57%, 0, 0, 9, 134.51
1638729999, 0, 1300, 1436, 1235, 704, 9.57%, 0, 0, 9, 134.91
1638730040, 0, 1314, 1436, 1234, 710, 9.57%, 0, 0, 9, 117.85
1638730061, 0, 1314, 1437, 1235, 710, 9.57%, 0, 0, 9, 99.78
1638730071, 0, 1314, 1438, 1236, 710, 9.58%, 0, 0, 9, 85.49
1638730117, 0, 1314, 1439, 1237, 710, 9.58%, 0, 0, 9, 79.77
1638730122, 0, 1314, 1441, 1239, 710, 9.58%, 0, 0, 9, 83.43
1638730214, 0, 1320, 1441, 1238, 710, 9.58%, 0, 0, 9, 846.12
1638730342, 0, 1321, 1441, 1237, 709, 9.58%, 0, 0, 9, 75.05
1638730347, 0, 1321, 1442, 1238, 709, 9.58%, 0, 0, 9, 68.05
1638730352, 0, 1321, 1444, 1240, 709, 9.58%, 0, 0, 9, 101.48
1638730557, 0, 1323, 1445, 1240, 710, 9.58%, 0, 0, 9, 120.55
1638730562, 0, 1323, 1466, 1261, 710, 9.78%, 0, 0, 9, 95.80
1638730567, 0, 1323, 1467, 1262, 710, 9.80%, 0, 0, 9, 99.10
1638730572, 0, 1323, 1471, 1266, 710, 9.86%, 0, 0, 9, 85.86
1638730577, 0, 1323, 1478, 1273, 710, 9.87%, 0, 0, 9, 91.60
1638730582, 0, 1323, 1483, 1278, 710, 9.88%, 0, 0, 9, 85.79
1638730603, 0, 1323, 1486, 1281, 710, 9.88%, 0, 0, 9, 90.39
1638730767, 0, 1323, 1487, 1282, 710, 9.89%, 0, 0, 9, 85.18
1638730787, 0, 1323, 1488, 1283, 710, 9.89%, 0, 0, 9, 101.90
1638730797, 0, 1323, 1489, 1284, 710, 9.89%, 0, 0, 9, 89.30
1638730807, 0, 1323, 1490, 1285, 710, 9.89%, 0, 0, 9, 41.64
1638730818, 0, 1323, 1492, 1287, 710, 9.90%, 0, 0, 9, 79.60
1638730823, 0, 1323, 1493, 1288, 710, 9.90%, 0, 0, 9, 89.62
1638730828, 0, 1323, 1495, 1290, 710, 9.91%, 0, 0, 9, 93.54
1638730833, 0, 1323, 1497, 1292, 710, 9.91%, 0, 0, 9, 95.04
1638730854, 0, 1323, 1498, 1293, 710, 9.94%, 0, 0, 9, 89.33
1638730889, 0, 1323, 1499, 1294, 710, 9.94%, 0, 0, 9, 85.54
1638730915, 0, 1323, 1500, 1295, 710, 9.94%, 0, 0, 9, 98.22
1638730925, 0, 1323, 1501, 1296, 710, 9.94%, 0, 0, 9, 83.94
1638730946, 0, 1323, 1502, 1297, 710, 9.94%, 0, 0, 9, 89.58
1638730961, 0, 1323, 1504, 1299, 710, 9.94%, 0, 0, 9, 111.28
1638730986, 0, 1323, 1505, 1300, 710, 9.96%, 0, 0, 9, 87.65
1638731007, 0, 1323, 1507, 1302, 710, 9.96%, 0, 0, 9, 74.80
1638731032, 0, 1325, 1507, 1301, 733, 9.96%, 0, 0, 9, 156.18
1638731037, 0, 1325, 1508, 1302, 733, 9.96%, 0, 0, 10, 105.31
1638731241, 0, 1328, 1509, 1302, 732, 9.96%, 0, 0, 10, 130.02
1638731246, 0, 1328, 1512, 1305, 732, 9.97%, 0, 0, 10, 105.22
1638731456, 0, 1329, 1513, 1305, 735, 9.97%, 0, 0, 10, 98.99
1638731461, 0, 1329, 1528, 1320, 735, 10.09%, 0, 0, 10, 100.04
1638731466, 0, 1329, 1537, 1329, 735, 10.10%, 0, 0, 10, 99.63
1638731471, 0, 1329, 1538, 1330, 735, 10.10%, 0, 0, 10, 64.38
1638731477, 0, 1329, 1542, 1334, 735, 10.12%, 0, 0, 10, 94.54
1638731482, 0, 1329, 1545, 1337, 735, 10.17%, 0, 0, 10, 100.05
1638731487, 0, 1329, 1548, 1340, 735, 10.19%, 0, 0, 10, 128.02
1638731492, 0, 1329, 1551, 1343, 735, 10.20%, 0, 0, 10, 104.59
1638731502, 0, 1329, 1559, 1351, 735, 10.22%, 0, 0, 10, 93.29
1638731523, 0, 1329, 1562, 1354, 735, 10.22%, 0, 0, 10, 99.35
1638731528, 0, 1329, 1563, 1355, 735, 10.22%, 0, 0, 10, 89.02
1638731553, 0, 1329, 1564, 1356, 735, 10.22%, 0, 0, 10, 110.27
1638731568, 0, 1329, 1565, 1357, 735, 10.22%, 0, 0, 10, 105.59
1638731573, 0, 1329, 1566, 1358, 735, 10.22%, 0, 0, 10, 90.65
1638731620, 0, 1329, 1568, 1360, 735, 10.22%, 0, 0, 10, 89.15
1638731635, 0, 1329, 1569, 1361, 735, 10.22%, 0, 0, 10, 87.71
1638731655, 0, 1329, 1571, 1363, 735, 10.22%, 0, 0, 10, 89.60
1638731661, 0, 1329, 1574, 1366, 735, 10.22%, 0, 0, 10, 87.32
1638731686, 0, 1329, 1579, 1371, 735, 10.22%, 0, 0, 10, 98.25
1638731691, 0, 1329, 1580, 1372, 735, 10.22%, 0, 0, 10, 88.15
1638731697, 0, 1329, 1581, 1373, 735, 10.22%, 0, 0, 10, 89.36
1638731702, 0, 1329, 1582, 1374, 735, 10.22%, 0, 0, 10, 98.78
1638731707, 0, 1329, 1583, 1375, 735, 10.22%, 0, 0, 10, 89.05
1638731712, 0, 1329, 1585, 1377, 735, 10.23%, 0, 0, 10, 78.30
1638731728, 0, 1329, 1586, 1378, 735, 10.25%, 0, 0, 10, 132.89
1638731748, 0, 1329, 1587, 1379, 735, 10.25%, 0, 0, 10, 96.48
1638731753, 0, 1329, 1588, 1380, 735, 10.25%, 0, 0, 10, 119.24
1638731758, 0, 1329, 1589, 1381, 735, 10.25%, 0, 0, 10, 105.09
1638731769, 0, 1329, 1590, 1382, 735, 10.25%, 0, 0, 10, 95.69
1638731799, 0, 1329, 1592, 1384, 735, 10.25%, 0, 0, 10, 84.95
1638731825, 0, 1329, 1593, 1385, 735, 10.25%, 0, 0, 10, 87.72
1638731835, 0, 1329, 1594, 1386, 735, 10.25%, 0, 0, 10, 83.93
1638731845, 0, 1329, 1595, 1387, 735, 10.25%, 0, 0, 10, 87.93
1638731948, 0, 1343, 1595, 1386, 776, 10.25%, 0, 0, 10, 99.09
1638731953, 0, 1343, 1596, 1387, 776, 10.26%, 0, 0, 10, 97.48
1638732198, 0, 1344, 1596, 1386, 775, 10.26%, 0, 0, 10, 96.10
1638732214, 0, 1344, 1597, 1387, 775, 10.29%, 0, 0, 10, 120.98
1638732224, 0, 1344, 1598, 1388, 775, 10.29%, 0, 0, 10, 106.40
1638732234, 0, 1344, 1599, 1389, 775, 10.29%, 0, 0, 10, 118.00
1638732346, 0, 1344, 1600, 1390, 775, 10.29%, 0, 0, 10, 98.25
1638732352, 0, 1344, 1601, 1391, 775, 10.29%, 0, 0, 10, 102.24
1638732408, 0, 1344, 1602, 1392, 775, 10.30%, 0, 0, 10, 95.96
1638732428, 0, 1344, 1603, 1393, 775, 10.33%, 0, 0, 10, 92.81
1638732444, 0, 1345, 1607, 1396, 776, 10.35%, 0, 0, 10, 126.43
1638732454, 0, 1345, 1608, 1397, 776, 10.35%, 0, 0, 10, 112.48
1638732485, 0, 1345, 1609, 1398, 776, 10.36%, 0, 0, 10, 86.08
1638732612, 0, 1345, 1610, 1399, 776, 10.36%, 0, 0, 10, 860.63
1638732617, 0, 1345, 1612, 1401, 776, 10.37%, 0, 0, 10, 742.22
1638732622, 0, 1345, 1613, 1402, 776, 10.37%, 0, 0, 10, 523.20
1638732632, 0, 1345, 1614, 1403, 776, 10.37%, 0, 0, 10, 85.35
1638732740, 0, 1345, 1615, 1404, 776, 10.38%, 0, 0, 10, 100.83
1638732801, 0, 1345, 1616, 1405, 776, 10.38%, 0, 0, 10, 108.41
1638732837, 0, 1346, 1616, 1404, 787, 10.38%, 0, 0, 10, 106.35
1638732842, 0, 1346, 1624, 1412, 787, 10.40%, 0, 0, 10, 97.12
1638733021, 0, 1348, 1624, 1411, 790, 10.40%, 0, 0, 10, 101.68
1638733026, 0, 1348, 1634, 1421, 790, 10.44%, 0, 0, 10, 88.98
1638733255, 0, 1348, 1635, 1422, 790, 10.44%, 0, 0, 10, 93.46
1638733276, 0, 1354, 1635, 1421, 792, 10.44%, 0, 0, 10, 0.00
1638733281, 0, 1354, 1640, 1426, 792, 10.44%, 0, 0, 10, 125.18
1638733510, 0, 1367, 1640, 1425, 794, 10.44%, 0, 0, 10, 86.44
1638733526, 0, 1367, 1641, 1426, 794, 10.45%, 0, 0, 10, 97.05
1638733772, 0, 1367, 1642, 1427, 794, 10.45%, 0, 0, 10, 90.69
1638733792, 0, 1367, 1643, 1428, 794, 10.45%, 0, 0, 10, 76.23
1638733818, 0, 1375, 1643, 1427, 794, 10.45%, 0, 0, 10, 9.42
1638733905, 0, 1375, 1644, 1428, 794, 10.46%, 0, 0, 10, 33.72
1638734605, 0, 1379, 1644, 1427, 794, 10.46%, 0, 0, 10, 8.66
1638735287, 0, 1381, 1644, 1426, 793, 10.46%, 0, 0, 10, 28.03
1638735317, 0, 1381, 1645, 1427, 793, 10.46%, 0, 0, 10, 34.17
1638735358, 0, 1381, 1646, 1428, 793, 10.47%, 0, 0, 10, 4.13
1638735779, 0, 1381, 1647, 1429, 793, 10.47%, 0, 0, 10, 30.52
1638735963, 0, 1390, 1647, 1428, 794, 10.47%, 0, 0, 10, 37.59
1638736614, 0, 1390, 1648, 1429, 794, 10.47%, 0, 0, 10, 7.79
1638736676, 0, 1391, 1648, 1428, 793, 10.47%, 0, 0, 10, 35.36
1638736686, 0, 1391, 1649, 1429, 793, 10.48%, 0, 0, 10, 32.02
1638736702, 0, 1391, 1650, 1430, 793, 10.48%, 0, 0, 10, 6.24
1638736753, 0, 1391, 1651, 1431, 793, 10.49%, 0, 0, 10, 25.13
1638736964, 0, 1391, 1652, 1432, 793, 10.49%, 0, 0, 10, 31.03
1638737227, 0, 1394, 1652, 1431, 793, 10.49%, 0, 0, 10, 12.63
1638737324, 0, 1394, 1653, 1432, 793, 10.50%, 0, 0, 10, 17.09
1638737473, 0, 1395, 1653, 1431, 792, 10.50%, 0, 0, 10, 20.41
1638737535, 0, 1395, 1654, 1432, 792, 10.50%, 0, 0, 10, 40.99
1638737585, 0, 1395, 1655, 1433, 792, 10.50%, 0, 0, 10, 49.06
1638737601, 0, 1395, 1657, 1435, 792, 10.51%, 0, 0, 10, 46.96
1638737995, 0, 1406, 1657, 1434, 791, 10.51%, 0, 0, 10, 49.66
1638738047, 0, 1406, 1658, 1435, 791, 10.51%, 0, 0, 10, 1.77
1638738118, 0, 1406, 1659, 1436, 791, 10.51%, 0, 0, 10, 29.13
1638738473, 0, 1408, 1659, 1435, 791, 10.51%, 0, 0, 10, 20.60
1638739020, 0, 1408, 1660, 1436, 791, 10.52%, 0, 0, 10, 37.69
1638739077, 0, 1408, 1661, 1437, 791, 10.52%, 0, 0, 10, 41.53
1638739205, 0, 1413, 1661, 1436, 792, 10.52%, 0, 0, 10, 5.46
1638739215, 0, 1413, 1662, 1437, 792, 10.52%, 0, 0, 10, 23.22
1638739437, 0, 1413, 1663, 1438, 792, 10.53%, 0, 0, 10, 20.60
1638739874, 0, 1413, 1664, 1439, 792, 10.53%, 0, 0, 10, 27.58
1638739920, 0, 1413, 1665, 1440, 792, 10.53%, 0, 0, 10, 10.34
1638740156, 0, 1421, 1665, 1439, 792, 10.53%, 0, 0, 10, 14.57
1638740192, 0, 1421, 1666, 1440, 792, 10.54%, 0, 0, 10, 37.61
1638740280, 0, 1421, 1667, 1441, 792, 10.54%, 0, 0, 10, 23.84
1638740902, 0, 1431, 1667, 1440, 792, 10.54%, 0, 0, 10, 13.29
1638740963, 0, 1431, 1668, 1441, 792, 10.54%, 0, 0, 10, 19.81
1638741004, 0, 1432, 1668, 1440, 791, 10.54%, 0, 0, 10, 17.02
1638741035, 0, 1443, 1668, 1439, 790, 10.54%, 0, 0, 10, 13.96
1638741322, 0, 1469, 1668, 1438, 789, 10.54%, 0, 0, 10, 36.51
1638741410, 0, 1469, 1670, 1440, 789, 10.54%, 0, 0, 10, 27.86
1638741440, 0, 1469, 1671, 1441, 789, 10.54%, 0, 0, 10, 18.79
1638741512, 0, 1469, 1672, 1442, 789, 10.54%, 0, 0, 10, 12.99
1638741574, 0, 1469, 1673, 1443, 789, 10.55%, 0, 0, 10, 4.13
1638741584, 0, 1469, 1674, 1444, 789, 10.55%, 0, 0, 10, 15.27
1638741851, 0, 1469, 1675, 1445, 789, 10.55%, 0, 0, 10, 23.39
1638742134, 0, 1469, 1677, 1447, 789, 10.55%, 0, 0, 10, 29.85
1638742247, 0, 1469, 1678, 1448, 789, 10.56%, 0, 0, 10, 7.92
1638742420, 0, 1469, 1679, 1449, 789, 10.56%, 0, 0, 10, 30.52
1638742502, 0, 1494, 1679, 1448, 791, 10.56%, 0, 0, 10, 18.59
1638742578, 0, 1494, 1680, 1449, 791, 10.56%, 0, 0, 10, 76.11
1638742589, 0, 1494, 1682, 1451, 791, 10.58%, 0, 0, 10, 26.52
1638742640, 0, 1494, 1683, 1452, 791, 10.58%, 0, 0, 10, 19.26
1638742778, 0, 1494, 1684, 1453, 791, 10.59%, 0, 0, 10, 14.41
1638742783, 0, 1494, 1685, 1454, 791, 10.59%, 0, 0, 10, 16.91
1638742927, 0, 1497, 1685, 1453, 792, 10.59%, 0, 0, 10, 15.22
1638743101, 0, 1497, 1686, 1454, 792, 10.59%, 0, 0, 10, 3.57
1638743152, 0, 1497, 1687, 1455, 792, 10.60%, 0, 0, 10, 23.21
1638743481, 0, 1497, 1688, 1456, 792, 10.60%, 0, 0, 10, 16.31
1638743651, 0, 1504, 1688, 1455, 793, 10.60%, 0, 0, 10, 14.39
1638743667, 0, 1504, 1689, 1456, 793, 10.60%, 0, 0, 10, 24.62
1638743728, 0, 1504, 1690, 1457, 793, 10.61%, 0, 0, 10, 22.46
1638743779, 0, 1504, 1691, 1458, 793, 10.61%, 0, 0, 10, 9.93
1638743789, 0, 1504, 1693, 1460, 793, 10.63%, 0, 0, 10, 28.77
1638743866, 0, 1504, 1694, 1461, 793, 10.63%, 0, 0, 10, 24.10
1638743902, 0, 1504, 1696, 1463, 793, 10.65%, 0, 0, 10, 29.03
1638743933, 0, 1505, 1696, 1462, 795, 10.65%, 0, 0, 10, 13.64
1638743938, 0, 1511, 1696, 1462, 795, 10.65%, 0, 0, 10, 20.93
1638744031, 0, 1511, 1697, 1463, 795, 10.65%, 0, 0, 11, 17.81
1638744108, 0, 1514, 1697, 1462, 794, 10.65%, 0, 0, 11, 14.49
1638744128, 0, 1514, 1698, 1463, 794, 10.67%, 0, 0, 11, 2.76
1638744144, 0, 1514, 1699, 1464, 794, 10.67%, 0, 0, 11, 16.95
1638744174, 0, 1514, 1700, 1465, 794, 10.67%, 0, 0, 11, 23.17
1638744221, 0, 1514, 1701, 1466, 794, 10.67%, 0, 0, 11, 25.79
1638744261, 0, 1514, 1702, 1467, 794, 10.69%, 0, 0, 11, 16.12
1638744308, 0, 1514, 1703, 1468, 794, 10.69%, 0, 0, 11, 33.37
1638744390, 0, 1514, 1704, 1469, 794, 10.69%, 0, 0, 11, 22.81
1638744447, 0, 1515, 1704, 1468, 794, 10.69%, 0, 0, 11, 14.29
1638744595, 0, 1515, 1705, 1469, 794, 10.70%, 0, 0, 11, 23.14
1638745052, 0, 1515, 1705, 1469, 794, 10.70%, 0, 1, 11, 14.98
1638745468, 0, 1515, 1706, 1470, 794, 10.73%, 0, 1, 11, 7.44
1638745483, 0, 1516, 1706, 1469, 793, 10.73%, 0, 1, 11, 13.25
1638745622, 0, 1516, 1707, 1470, 793, 10.73%, 0, 1, 11, 5.00
1638745627, 0, 1516, 1709, 1472, 793, 10.76%, 0, 1, 11, 75.81
1638745637, 0, 1516, 1710, 1473, 793, 10.76%, 0, 1, 11, 18.02
1638745724, 0, 1516, 1710, 1473, 793, 10.76%, 0, 2, 11, 14.40
1638746301, 0, 1540, 1710, 1472, 793, 10.76%, 0, 2, 11, 14.55
1638746322, 0, 1540, 1713, 1475, 793, 10.78%, 0, 2, 11, 37.81
1638746441, 0, 1540, 1714, 1476, 793, 10.79%, 0, 2, 11, 30.95
1638746451, 0, 1540, 1715, 1477, 793, 10.79%, 0, 2, 11, 28.60
1638747080, 0, 1545, 1715, 1476, 794, 10.79%, 0, 2, 11, 27.73
1638747091, 0, 1545, 1717, 1478, 794, 10.79%, 0, 2, 11, 26.51
1638747142, 0, 1545, 1718, 1479, 794, 10.79%, 0, 2, 11, 19.08
1638747559, 0, 1584, 1718, 1478, 793, 10.79%, 0, 2, 11, 15.36
1638747590, 0, 1584, 1720, 1480, 793, 10.79%, 0, 2, 11, 25.45
1638747595, 0, 1584, 1721, 1481, 793, 10.79%, 0, 2, 11, 28.77
1638747938, 0, 1597, 1721, 1480, 792, 10.79%, 0, 2, 11, 14.89
1638748097, 0, 1597, 1722, 1481, 792, 10.79%, 0, 2, 11, 23.42
1638748132, 0, 1597, 1723, 1482, 792, 10.80%, 0, 2, 11, 17.19
1638748629, 0, 1605, 1723, 1481, 791, 10.80%, 0, 2, 11, 14.87
1638749440, 0, 1607, 1723, 1480, 790, 10.80%, 0, 2, 11, 18.79
1638749722, 0, 1607, 1724, 1481, 790, 10.80%, 0, 2, 11, 21.17
1638749794, 0, 1607, 1725, 1482, 790, 10.81%, 0, 2, 11, 19.18
1638749799, 0, 1607, 1726, 1483, 790, 10.81%, 0, 2, 11, 19.20
1638749979, 0, 1611, 1726, 1482, 789, 10.81%, 0, 2, 11, 17.19
1638750118, 0, 1613, 1726, 1481, 788, 10.81%, 0, 2, 11, 16.10
1638750133, 0, 1613, 1726, 1481, 788, 10.81%, 0, 3, 11, 9.87
1638750169, 0, 1614, 1726, 1480, 787, 10.81%, 0, 3, 11, 14.01
1638751257, 0, 1621, 1726, 1479, 786, 10.81%, 0, 3, 11, 13.75
1638751298, 0, 1625, 1726, 1478, 785, 10.81%, 0, 3, 11, 13.83
1638751828, 0, 1635, 1726, 1477, 784, 10.81%, 0, 3, 11, 1.14
1638752189, 0, 1635, 1729, 1480, 784, 10.83%, 0, 3, 11, 20.25
1638752470, 0, 1640, 1729, 1479, 784, 10.83%, 0, 3, 11, 19.01
1638752850, 0, 1649, 1729, 1478, 783, 10.83%, 0, 3, 11, 19.06
1638753197, 0, 1658, 1729, 1477, 782, 10.83%, 0, 3, 11, 14.33
1638754290, 0, 1659, 1729, 1476, 781, 10.83%, 0, 3, 11, 15.34
1638755907, 0, 1660, 1729, 1475, 780, 10.83%, 0, 3, 11, 15.05
1638757633, 0, 1663, 1729, 1474, 779, 10.83%, 0, 3, 11, 0.00
1638757638, 0, 1677, 1729, 1474, 779, 10.83%, 0, 3, 11, 24.35
1638757735, 0, 1677, 1730, 1475, 779, 10.84%, 0, 3, 11, 19.38
1638757951, 0, 1677, 1731, 1476, 779, 10.84%, 0, 3, 11, 21.58
1638758233, 0, 1677, 1732, 1477, 779, 10.84%, 0, 3, 11, 8.12
1638758290, 0, 1677, 1733, 1478, 779, 10.84%, 0, 3, 11, 16.16
1638758664, 0, 1677, 1734, 1479, 779, 10.85%, 0, 3, 11, 18.24
1638758689, 0, 1677, 1735, 1480, 779, 10.85%, 0, 3, 11, 17.58
1638759166, 0, 1681, 1735, 1479, 779, 10.85%, 0, 3, 11, 13.72
1638761418, 0, 1690, 1735, 1478, 778, 10.85%, 0, 3, 11, 3.78
1638761424, 0, 1691, 1735, 1478, 778, 10.85%, 0, 3, 11, 1.43
1638762924, 0, 1692, 1735, 1477, 777, 10.85%, 0, 3, 11, 6.30
1638763229, 0, 1693, 1735, 1476, 776, 10.85%, 0, 3, 11, 6.16
1638763524, 0, 1695, 1735, 1475, 775, 10.85%, 0, 3, 11, 1.27
1638763530, 0, 1696, 1735, 1475, 775, 10.85%, 0, 3, 11, 5.23
1638763820, 0, 1701, 1735, 1474, 774, 10.85%, 0, 3, 11, 49.02
1638763835, 0, 1703, 1735, 1473, 773, 10.85%, 0, 4, 11, 8.92
1638763840, 0, 1705, 1735, 1473, 773, 10.85%, 0, 4, 11, 15.77
1638763852, 0, 1707, 1735, 1472, 772, 10.85%, 0, 4, 11, 3.30
1638764127, 0, 1708, 1735, 1471, 771, 10.85%, 0, 4, 11, 1.79
1638764132, 0, 1710, 1735, 1471, 771, 10.85%, 0, 4, 11, 49.26
1638764142, 0, 1713, 1735, 1470, 770, 10.85%, 0, 4, 11, 0.00
1638764148, 0, 1725, 1735, 1470, 770, 10.85%, 0, 4, 11, 4.23
1638764153, 0, 1730, 1735, 1470, 770, 10.85%, 0, 4, 11, 49.03
1638764163, 0, 1733, 1735, 1469, 769, 10.85%, 0, 4, 11, 7.25
1638764168, 1, 1365, 1735, 1469, 769, 10.85%, 0, 4, 11, 0.00
1638764176, 1, 1378, 1735, 1469, 769, 10.85%, 0, 4, 11, 0.18
1638764181, 1, 1595, 1735, 1469, 769, 10.85%, 0, 4, 11, 0.00
1638764186, 1, 1656, 1735, 1469, 769, 10.85%, 0, 4, 11, 0.00
1638764191, 1, 1691, 1735, 1469, 769, 10.85%, 0, 4, 11, 4.12
1638764213, 1, 1692, 1735, 1469, 769, 10.85%, 0, 4, 11, 45.69
1638764223, 1, 1693, 1735, 1469, 769, 10.85%, 0, 4, 11, 29.68
1638764245, 1, 1695, 1735, 1469, 769, 10.85%, 0, 4, 11, 0.00
1638764250, 1, 1701, 1735, 1469, 769, 10.85%, 0, 4, 11, 1.09
1638764277, 1, 1703, 1735, 1469, 769, 10.85%, 0, 4, 11, 7.62
1638764282, 1, 1705, 1735, 1469, 769, 10.85%, 0, 4, 11, 23.66
1638764306, 1, 1707, 1735, 1469, 769, 10.85%, 0, 4, 11, 47.39
1638764333, 1, 1708, 1735, 1469, 769, 10.85%, 0, 4, 11, 1.20
1638764340, 1, 1710, 1735, 1469, 769, 10.85%, 0, 4, 11, 5.62
1638764345, 1, 1711, 1735, 1469, 769, 10.85%, 0, 4, 11, 4.61
1638764351, 1, 1715, 1735, 1469, 769, 10.85%, 0, 4, 11, 0.00
1638764357, 1, 1724, 1735, 1469, 769, 10.85%, 0, 4, 11, 0.00
1638764362, 1, 1730, 1735, 1469, 769, 10.85%, 0, 4, 11, 1.21
1638764384, 1, 1734, 1735, 1469, 769, 10.85%, 0, 4, 11, 0.00
1638764395, 2, 1353, 1735, 1469, 769, 10.85%, 0, 4, 11, 0.00
1638764420, 2, 1691, 1735, 1469, 769, 10.85%, 0, 4, 11, 0.11
1638764435, 2, 1692, 1735, 1469, 769, 10.85%, 0, 4, 11, 19.10
1638764462, 2, 1693, 1735, 1469, 769, 10.85%, 0, 4, 11, 4.97
1638764474, 2, 1701, 1735, 1469, 769, 10.85%, 0, 4, 11, 1.17
1638764485, 2, 1705, 1735, 1469, 769, 10.85%, 0, 4, 11, 2.71
1638764507, 2, 1707, 1735, 1469, 769, 10.85%, 0, 4, 11, 46.48
1638764528, 2, 1710, 1735, 1469, 769, 10.85%, 0, 4, 11, 4.74
1638764592, 2, 1730, 1735, 1469, 769, 10.85%, 0, 4, 11, 1.05
1638764603, 3, 0, 1735, 1469, 769, 10.85%, 0, 4, 11, 6.16
1638764612, 3, 1691, 1735, 1469, 769, 10.85%, 0, 4, 11, 0.12
1638764622, 3, 1692, 1735, 1469, 769, 10.85%, 0, 4, 11, 7.73
1638764634, 3, 1693, 1735, 1469, 769, 10.85%, 0, 4, 11, 23.03
1638764752, 3, 1701, 1735, 1469, 769, 10.85%, 0, 4, 11, 3.28
1638764800, 3, 1705, 1735, 1469, 769, 10.85%, 0, 4, 11, 47.31
1638764817, 3, 1707, 1735, 1469, 769, 10.85%, 0, 4, 11, 3.92
1638764852, 3, 1730, 1735, 1469, 769, 10.85%, 0, 4, 11, 0.32
1638764927, 4, 0, 1735, 1469, 769, 10.85%, 0, 4, 11, 3.78
1638764943, 4, 1691, 1735, 1469, 769, 10.85%, 0, 4, 11, 0.07
1638764955, 4, 1692, 1735, 1469, 769, 10.85%, 0, 4, 11, 2.96
1638764970, 4, 1693, 1735, 1469, 769, 10.85%, 0, 4, 11, 6.02
1638765001, 4, 1705, 1735, 1469, 769, 10.85%, 0, 4, 11, 9.17
1638765023, 4, 1705, 1735, 1469, 769, 10.85%, 0, 5, 11, 0.61
1638765035, 4, 1707, 1735, 1469, 769, 10.85%, 0, 5, 11, 3.75
1638765065, 5, 0, 1735, 1469, 769, 10.85%, 0, 5, 11, 1.10
1638765078, 5, 1691, 1735, 1469, 769, 10.85%, 0, 5, 11, 0.08
1638765093, 5, 1692, 1735, 1469, 769, 10.85%, 0, 5, 11, 9.73
1638765104, 5, 1693, 1735, 1469, 769, 10.85%, 0, 5, 11, 46.89
1638765116, 5, 1705, 1735, 1469, 769, 10.85%, 0, 5, 11, 0.74
1638765131, 5, 1707, 1735, 1469, 769, 10.85%, 0, 5, 11, 47.32
1638765149, 6, 0, 1735, 1469, 769, 10.85%, 0, 5, 11, 0.49
1638765169, 6, 1691, 1735, 1469, 769, 10.85%, 0, 5, 11, 0.05
1638765184, 6, 1692, 1735, 1469, 769, 10.85%, 0, 5, 11, 47.38
1638765194, 6, 1693, 1735, 1469, 769, 10.85%, 0, 5, 11, 26.87
1638765205, 6, 1705, 1735, 1469, 769, 10.85%, 0, 5, 11, 0.68
1638765247, 6, 1707, 1735, 1469, 769, 10.85%, 0, 5, 11, 5.28
1638765252, 6, 1707, 1735, 1469, 769, 10.85%, 0, 6, 11, 4.23
1638765260, 7, 0, 1735, 1469, 769, 10.85%, 0, 6, 11, 1.46
1638765266, 7, 1691, 1735, 1469, 769, 10.85%, 0, 6, 11, 0.17
1638765276, 7, 1692, 1735, 1469, 769, 10.85%, 0, 6, 11, 3.64
1638765292, 7, 1693, 1735, 1469, 769, 10.85%, 0, 6, 11, 0.51
1638765308, 7, 1705, 1735, 1469, 769, 10.85%, 0, 6, 11, 2.89
1638765328, 7, 1707, 1735, 1469, 769, 10.85%, 0, 6, 11, 5.36
1638765344, 8, 0, 1735, 1469, 769, 10.85%, 0, 6, 11, 1.46
1638765353, 8, 1691, 1735, 1469, 769, 10.85%, 0, 6, 11, 0.12
1638765379, 8, 1691, 1736, 1470, 769, 10.85%, 0, 6, 11, 1.69
1638765411, 8, 1693, 1736, 1470, 770, 10.85%, 0, 6, 11, 8.33
1638765423, 8, 1705, 1736, 1470, 770, 10.85%, 0, 6, 11, 1.21
1638765438, 8, 1707, 1736, 1470, 770, 10.85%, 0, 6, 11, 47.01
1638765454, 8, 1735, 1736, 1470, 770, 10.85%, 0, 6, 11, 0.67
1638765488, 9, 1693, 1736, 1469, 769, 10.85%, 0, 6, 11, 0.07
1638765503, 9, 1705, 1736, 1469, 769, 10.85%, 0, 6, 11, 49.00
1638765509, 9, 1705, 1737, 1470, 769, 10.86%, 0, 6, 12, 47.95
1638765525, 9, 1707, 1737, 1470, 767, 10.86%, 0, 6, 12, 1.07
1638765547, 9, 1735, 1737, 1470, 767, 10.86%, 0, 6, 12, 6.60
1638765802, 9, 1736, 1737, 1470, 767, 10.86%, 0, 6, 12, 47.25
1638765823, 10, 1693, 1737, 1469, 766, 10.86%, 0, 6, 12, 0.27
1638765834, 10, 1707, 1737, 1469, 766, 10.86%, 0, 6, 12, 3.88
1638765850, 10, 1735, 1737, 1469, 766, 10.86%, 0, 6, 12, 1.07
1638765860, 10, 1736, 1737, 1469, 766, 10.86%, 0, 6, 12, 49.02
1638765867, 10, 1736, 1737, 1469, 766, 10.86%, 0, 7, 12, 2.62
