# unix_time, cycles_done, cur_path, paths_total, pending_total, pending_favs, map_size, unique_crashes, unique_hangs, max_depth, execs_per_sec
1638658250, 0, 0, 1, 1, 1, 0.70%, 0, 0, 1, 500.00
1638658255, 0, 0, 81, 81, 1, 1.24%, 0, 0, 2, 598.65
1638658260, 0, 0, 102, 102, 1, 1.42%, 0, 0, 2, 621.54
1638658265, 0, 0, 112, 112, 1, 1.45%, 0, 0, 2, 614.66
1638658270, 0, 0, 116, 116, 1, 1.48%, 0, 0, 2, 619.98
1638658275, 0, 0, 120, 120, 1, 1.53%, 0, 0, 2, 627.03
1638658280, 0, 0, 123, 123, 1, 1.54%, 0, 0, 2, 629.48
1638658285, 0, 0, 125, 125, 1, 1.55%, 0, 0, 2, 614.63
1638658290, 0, 0, 127, 127, 1, 1.57%, 0, 0, 2, 615.97
1638658295, 0, 0, 129, 129, 1, 1.57%, 0, 0, 2, 622.35
1638658301, 0, 0, 134, 134, 1, 1.61%, 0, 0, 2, 622.03
1638658306, 0, 0, 135, 135, 1, 1.61%, 0, 0, 2, 489.34
1638658311, 0, 85, 138, 137, 70, 1.65%, 0, 0, 3, 268.43
1638658316, 0, 85, 141, 140, 70, 1.65%, 0, 0, 3, 224.77
1638658321, 0, 85, 142, 141, 70, 1.65%, 0, 0, 3, 225.55
1638658326, 0, 85, 144, 143, 70, 1.66%, 0, 0, 3, 512.88
1638658337, 0, 85, 145, 144, 70, 1.66%, 0, 0, 3, 607.10
1638658342, 0, 85, 146, 145, 70, 1.66%, 0, 0, 3, 603.69
1638658347, 0, 85, 148, 147, 70, 1.66%, 0, 0, 3, 614.90
1638658357, 0, 85, 150, 149, 70, 1.66%, 0, 0, 3, 611.89
1638658362, 0, 99, 173, 171, 72, 1.77%, 0, 0, 3, 603.18
1638658367, 0, 99, 183, 181, 72, 1.82%, 0, 0, 3, 604.53
1638658372, 0, 99, 191, 189, 72, 1.83%, 0, 0, 3, 613.22
1638658377, 0, 99, 194, 192, 72, 1.86%, 0, 0, 3, 612.14
1638658382, 0, 99, 198, 196, 72, 1.90%, 0, 0, 3, 584.09
1638658387, 0, 99, 202, 200, 72, 1.90%, 0, 0, 3, 604.74
1638658393, 0, 99, 204, 202, 72, 1.91%, 0, 0, 3, 612.91
1638658398, 0, 99, 209, 207, 72, 1.91%, 0, 0, 3, 615.03
1638658403, 0, 99, 211, 209, 72, 1.92%, 0, 0, 3, 611.95
1638658408, 0, 99, 215, 213, 72, 1.92%, 0, 0, 3, 604.15
1638658413, 0, 104, 219, 216, 89, 1.95%, 0, 0, 3, 612.41
1638658418, 0, 104, 220, 217, 89, 1.95%, 0, 0, 3, 627.68
1638658428, 0, 104, 223, 220, 89, 1.96%, 0, 0, 3, 616.08
1638658448, 0, 104, 224, 221, 89, 1.96%, 0, 0, 3, 612.58
1638658469, 0, 111, 229, 225, 92, 1.97%, 0, 0, 3, 621.27
1638658474, 0, 121, 234, 229, 94, 1.98%, 0, 0, 3, 606.09
1638658499, 0, 133, 251, 245, 94, 1.98%, 0, 0, 3, 605.56
1638658504, 0, 133, 252, 246, 94, 1.99%, 0, 0, 3, 585.48
1638658515, 0, 133, 253, 247, 94, 1.99%, 0, 0, 3, 604.10
1638658525, 0, 133, 255, 249, 94, 1.99%, 0, 0, 3, 595.08
1638658535, 0, 133, 256, 250, 94, 1.99%, 0, 0, 3, 612.00
1638658540, 0, 135, 268, 261, 96, 2.05%, 0, 0, 3, 618.20
1638658545, 0, 135, 271, 264, 96, 2.05%, 0, 0, 3, 622.34
1638658550, 0, 135, 272, 265, 96, 2.05%, 0, 0, 3, 622.10
1638658555, 0, 135, 274, 267, 96, 2.05%, 0, 0, 3, 625.10
1638658566, 0, 135, 275, 268, 96, 2.05%, 0, 0, 3, 610.21
1638658596, 0, 172, 280, 272, 98, 2.06%, 0, 0, 4, 611.60
1638658601, 0, 203, 295, 286, 101, 2.10%, 0, 0, 4, 615.16
1638658616, 0, 203, 296, 287, 101, 2.10%, 0, 0, 4, 612.75
1638658626, 0, 203, 297, 288, 101, 2.10%, 0, 0, 4, 603.57
1638658631, 0, 203, 298, 289, 101, 2.10%, 0, 0, 4, 607.13
1638658637, 0, 203, 299, 290, 101, 2.10%, 0, 0, 4, 609.32
1638658642, 0, 206, 317, 307, 107, 2.10%, 0, 0, 4, 614.24
1638658647, 0, 206, 331, 321, 107, 2.16%, 0, 0, 4, 621.00
1638658652, 0, 206, 338, 328, 107, 2.17%, 0, 0, 4, 614.46
1638658657, 0, 206, 339, 329, 107, 2.17%, 0, 0, 4, 620.23
1638658677, 0, 206, 341, 331, 107, 2.17%, 0, 0, 4, 613.62
1638658703, 0, 221, 343, 332, 120, 2.17%, 0, 0, 4, 617.52
1638658708, 0, 222, 348, 336, 121, 2.17%, 0, 0, 4, 620.90
1638658713, 0, 222, 351, 339, 121, 2.17%, 0, 0, 4, 616.06
1638658723, 0, 275, 360, 347, 121, 2.20%, 0, 0, 5, 604.28
1638658728, 0, 275, 361, 348, 121, 2.20%, 0, 0, 5, 598.55
1638658733, 0, 275, 362, 349, 121, 2.20%, 0, 0, 5, 602.65
1638658738, 0, 275, 364, 351, 121, 2.20%, 0, 0, 5, 604.33
1638658748, 0, 275, 366, 353, 121, 2.21%, 0, 0, 5, 598.20
1638658753, 0, 275, 368, 355, 121, 2.21%, 0, 0, 5, 606.32
1638658758, 0, 275, 371, 358, 121, 2.21%, 0, 0, 5, 611.44
1638658764, 0, 279, 372, 358, 127, 2.21%, 0, 0, 5, 609.72
1638658769, 0, 279, 379, 365, 127, 2.21%, 0, 0, 5, 603.91
1638658774, 0, 279, 380, 366, 127, 2.22%, 0, 0, 5, 602.77
1638658784, 0, 279, 381, 367, 127, 2.22%, 0, 0, 5, 584.31
1638658789, 0, 279, 383, 369, 127, 2.22%, 0, 0, 5, 575.65
1638658794, 0, 279, 385, 371, 127, 2.23%, 0, 0, 5, 578.16
1638658799, 0, 279, 386, 372, 127, 2.23%, 0, 0, 5, 583.72
1638658809, 0, 287, 394, 379, 128, 2.24%, 0, 0, 5, 575.87
1638658815, 0, 287, 395, 380, 128, 2.24%, 0, 0, 5, 588.41
1638658825, 0, 288, 402, 386, 129, 2.26%, 0, 0, 5, 594.95
1638658835, 0, 334, 410, 393, 133, 2.27%, 0, 0, 5, 608.02
1638658840, 0, 334, 415, 398, 133, 2.27%, 0, 0, 5, 621.06
1638658850, 0, 334, 416, 399, 133, 2.27%, 0, 0, 5, 615.89
1638658876, 0, 334, 417, 400, 133, 2.27%, 0, 0, 5, 617.59
1638658891, 0, 352, 419, 401, 133, 2.28%, 0, 0, 6, 611.57
1638658896, 0, 352, 420, 402, 133, 2.28%, 0, 0, 6, 615.43
1638658901, 0, 352, 422, 404, 133, 2.28%, 0, 0, 6, 612.34
1638658911, 0, 352, 423, 405, 133, 2.28%, 0, 0, 6, 609.27
1638658927, 0, 352, 425, 407, 133, 2.28%, 0, 0, 6, 598.06
1638658932, 0, 354, 428, 409, 135, 2.29%, 0, 0, 6, 607.87
1638658937, 0, 354, 429, 410, 135, 2.29%, 0, 0, 6, 611.61
1638658942, 0, 356, 433, 413, 134, 2.30%, 0, 0, 6, 613.70
1638658952, 0, 356, 435, 415, 134, 2.30%, 0, 0, 6, 600.17
1638658957, 0, 356, 436, 416, 134, 2.30%, 0, 0, 6, 611.63
1638658967, 0, 356, 437, 417, 134, 2.30%, 0, 0, 6, 604.62
1638658983, 0, 417, 440, 419, 136, 2.31%, 0, 0, 7, 589.42
1638658988, 0, 417, 442, 421, 136, 2.32%, 0, 0, 7, 600.16
1638658993, 0, 417, 443, 422, 136, 2.32%, 0, 0, 7, 607.41
1638658998, 0, 417, 444, 423, 136, 2.32%, 0, 0, 7, 608.86
1638659003, 0, 417, 446, 425, 136, 2.32%, 0, 0, 7, 607.94
1638659008, 0, 417, 447, 426, 136, 2.32%, 0, 0, 7, 609.41
1638659023, 0, 426, 447, 425, 138, 2.32%, 0, 0, 7, 597.85
1638659028, 0, 426, 455, 433, 138, 2.34%, 0, 0, 7, 595.74
1638659033, 0, 426, 456, 434, 138, 2.34%, 0, 0, 7, 601.49
1638659038, 0, 426, 457, 435, 138, 2.34%, 0, 0, 7, 596.82
1638659043, 0, 426, 458, 436, 138, 2.34%, 0, 0, 7, 580.23
1638659069, 0, 429, 462, 439, 138, 2.35%, 0, 0, 7, 611.93
1638659074, 0, 429, 463, 440, 138, 2.35%, 0, 0, 7, 609.19
1638659094, 0, 429, 464, 441, 138, 2.35%, 0, 0, 7, 601.03
1638659099, 0, 429, 466, 443, 138, 2.35%, 0, 0, 7, 605.76
1638659109, 0, 459, 478, 454, 138, 2.37%, 0, 0, 8, 598.39
1638659115, 0, 459, 483, 459, 138, 2.38%, 0, 0, 8, 619.69
1638659120, 0, 459, 485, 461, 138, 2.38%, 0, 0, 8, 626.90
1638659125, 0, 459, 486, 462, 138, 2.39%, 0, 0, 8, 623.49
1638659135, 0, 459, 489, 465, 138, 2.40%, 0, 0, 8, 619.84
1638659140, 0, 459, 491, 467, 138, 2.41%, 0, 0, 8, 623.99
1638659145, 0, 459, 494, 470, 138, 2.41%, 0, 0, 8, 614.69
1638659150, 0, 459, 495, 471, 138, 2.41%, 0, 0, 8, 612.24
1638659160, 0, 459, 496, 472, 138, 2.41%, 0, 0, 8, 620.72
1638659165, 0, 489, 497, 472, 147, 2.42%, 0, 0, 9, 597.67
1638659170, 0, 491, 497, 471, 147, 2.42%, 0, 0, 9, 607.83
1638659175, 0, 491, 500, 474, 147, 2.42%, 0, 0, 9, 602.96
1638659186, 0, 495, 500, 473, 147, 2.42%, 0, 0, 9, 607.34
1638659191, 0, 496, 506, 478, 146, 2.46%, 0, 0, 10, 598.21
1638659196, 0, 496, 507, 479, 146, 2.46%, 0, 0, 10, 595.93
1638659201, 1, 82, 509, 480, 149, 2.46%, 0, 0, 10, 592.14
1638659206, 1, 86, 512, 482, 148, 2.46%, 0, 0, 10, 600.54
1638659211, 1, 86, 514, 484, 148, 2.47%, 0, 0, 10, 600.99
1638659216, 1, 86, 517, 487, 148, 2.47%, 0, 0, 10, 596.43
1638659242, 1, 86, 519, 489, 148, 2.47%, 0, 0, 10, 621.81
1638659257, 1, 86, 520, 490, 148, 2.47%, 0, 0, 10, 620.37
1638659262, 1, 226, 527, 495, 150, 2.50%, 0, 0, 10, 615.78
1638659272, 1, 522, 530, 497, 151, 2.51%, 0, 0, 10, 602.11
1638659277, 1, 522, 531, 498, 151, 2.51%, 0, 0, 10, 613.03
1638659282, 1, 522, 532, 499, 151, 2.51%, 0, 0, 10, 594.78
1638659297, 1, 522, 533, 500, 151, 2.51%, 0, 0, 10, 609.77
1638659323, 1, 523, 536, 502, 151, 2.52%, 0, 0, 10, 601.07
1638659338, 1, 524, 538, 503, 152, 2.52%, 0, 0, 10, 602.23
1638659348, 1, 524, 539, 504, 152, 2.52%, 0, 0, 10, 603.78
1638659359, 1, 524, 541, 506, 152, 2.52%, 0, 0, 10, 606.13
1638659374, 1, 524, 542, 507, 152, 2.52%, 0, 0, 10, 581.68
1638659395, 1, 527, 545, 509, 152, 2.52%, 0, 0, 10, 584.71
1638659410, 1, 527, 546, 510, 152, 2.52%, 0, 0, 10, 596.34
1638659451, 1, 533, 549, 512, 152, 2.54%, 0, 0, 10, 608.27
1638659461, 1, 534, 550, 512, 151, 2.54%, 0, 0, 10, 608.28
1638659476, 1, 536, 551, 512, 150, 2.54%, 0, 0, 10, 616.65
1638659491, 1, 542, 554, 514, 149, 2.55%, 0, 0, 10, 621.97
1638659542, 1, 546, 558, 517, 149, 2.57%, 0, 0, 10, 619.23
1638659598, 1, 554, 559, 517, 150, 2.57%, 0, 0, 10, 626.79
1638659608, 1, 554, 560, 518, 150, 2.58%, 0, 0, 10, 621.85
1638659623, 1, 559, 561, 518, 151, 2.58%, 0, 0, 10, 608.92
1638659633, 1, 559, 562, 519, 151, 2.58%, 0, 0, 10, 595.76
1638659648, 1, 560, 564, 520, 150, 2.59%, 0, 0, 10, 607.49
1638659668, 2, 343, 568, 523, 151, 2.59%, 0, 0, 10, 619.80
1638659674, 2, 343, 572, 527, 151, 2.59%, 0, 0, 10, 612.56
1638659689, 2, 343, 573, 528, 151, 2.59%, 0, 0, 10, 623.23
1638659694, 2, 343, 574, 529, 151, 2.59%, 0, 0, 10, 618.58
1638659699, 2, 343, 575, 530, 151, 2.59%, 0, 0, 10, 605.50
1638659719, 2, 359, 577, 531, 151, 2.60%, 0, 0, 10, 612.03
1638659724, 2, 359, 581, 535, 151, 2.60%, 0, 0, 10, 596.26
1638659730, 2, 359, 585, 539, 151, 2.60%, 0, 0, 10, 607.73
1638659735, 2, 359, 587, 541, 151, 2.60%, 0, 0, 10, 598.32
1638659745, 2, 359, 588, 542, 151, 2.60%, 0, 0, 10, 584.90
1638659755, 2, 359, 590, 544, 151, 2.60%, 0, 0, 10, 600.06
1638659765, 2, 575, 593, 546, 151, 2.62%, 0, 0, 10, 579.71
1638659780, 2, 575, 594, 547, 151, 2.62%, 0, 0, 10, 605.69
1638659796, 2, 575, 595, 548, 151, 2.62%, 0, 0, 10, 599.05
1638659806, 2, 591, 602, 554, 152, 2.66%, 0, 0, 10, 608.75
1638659816, 2, 591, 604, 556, 152, 2.66%, 0, 0, 10, 615.61
1638659821, 2, 591, 606, 558, 152, 2.66%, 0, 0, 10, 590.51
1638659831, 2, 591, 607, 559, 152, 2.66%, 0, 0, 10, 618.71
1638659847, 2, 595, 611, 562, 153, 2.66%, 0, 0, 10, 618.01
1638659852, 2, 595, 612, 563, 153, 2.66%, 0, 0, 10, 601.81
1638659857, 2, 595, 613, 564, 153, 2.66%, 0, 0, 10, 595.83
1638659862, 2, 595, 614, 565, 153, 2.66%, 0, 0, 10, 605.88
1638659867, 2, 595, 615, 566, 153, 2.66%, 0, 0, 10, 604.38
1638659872, 2, 595, 616, 567, 153, 2.66%, 0, 0, 10, 604.59
1638659877, 2, 607, 616, 566, 155, 2.66%, 0, 0, 10, 601.34
1638659883, 2, 607, 619, 569, 155, 2.67%, 0, 0, 10, 579.68
1638659888, 2, 607, 621, 571, 155, 2.68%, 0, 0, 10, 595.83
1638659893, 2, 607, 623, 573, 155, 2.68%, 0, 0, 10, 607.26
1638659898, 2, 607, 624, 574, 155, 2.68%, 0, 0, 10, 607.43
1638659913, 2, 619, 634, 583, 157, 2.68%, 0, 0, 11, 585.87
1638659929, 2, 619, 635, 584, 157, 2.68%, 0, 0, 11, 590.79
1638659944, 2, 634, 635, 583, 157, 2.68%, 0, 0, 11, 548.43
1638659949, 2, 634, 637, 585, 157, 2.68%, 0, 0, 12, 478.48
1638659954, 2, 634, 640, 588, 157, 2.68%, 0, 0, 12, 456.43
1638659964, 2, 634, 641, 589, 157, 2.69%, 0, 0, 12, 453.92
1638659969, 2, 634, 645, 593, 157, 2.69%, 0, 0, 12, 449.86
1638659974, 2, 634, 646, 594, 157, 2.69%, 0, 0, 12, 448.81
1638659990, 2, 640, 647, 594, 157, 2.69%, 0, 0, 13, 466.92
1638660005, 2, 640, 650, 597, 157, 2.70%, 0, 0, 13, 448.14
1638660010, 2, 640, 651, 598, 157, 2.70%, 0, 0, 13, 458.33
1638660016, 2, 640, 653, 600, 157, 2.71%, 0, 0, 13, 445.38
1638660031, 2, 647, 653, 599, 161, 2.71%, 0, 0, 13, 540.03
1638660061, 2, 647, 655, 601, 161, 2.71%, 0, 0, 14, 570.37
1638660092, 2, 650, 655, 600, 160, 2.71%, 0, 0, 14, 544.76
1638660097, 2, 650, 656, 601, 160, 2.71%, 0, 0, 14, 509.28
1638660133, 2, 652, 656, 600, 159, 2.71%, 0, 0, 14, 445.40
1638660174, 2, 652, 657, 601, 159, 2.71%, 0, 0, 14, 460.59
1638660225, 2, 652, 658, 602, 159, 2.71%, 0, 0, 14, 433.96
1638660230, 2, 652, 659, 603, 159, 2.71%, 0, 0, 14, 450.31
1638660245, 2, 652, 660, 604, 159, 2.71%, 0, 0, 14, 436.52
1638660250, 2, 652, 661, 605, 159, 2.71%, 0, 0, 14, 446.53
1638660265, 2, 652, 662, 606, 159, 2.71%, 0, 0, 14, 451.47
1638660280, 2, 652, 663, 607, 159, 2.71%, 0, 0, 14, 460.85
1638660285, 2, 656, 663, 606, 159, 2.71%, 0, 0, 14, 468.55
1638660311, 2, 656, 664, 607, 159, 2.71%, 0, 0, 15, 457.80
1638660372, 2, 663, 665, 607, 159, 2.71%, 0, 0, 16, 479.38
1638660387, 2, 663, 666, 608, 159, 2.71%, 0, 0, 16, 458.57
1638660397, 2, 663, 669, 611, 159, 2.71%, 0, 0, 16, 451.78
1638660448, 3, 669, 671, 611, 159, 2.72%, 0, 0, 16, 572.57
1638660454, 3, 669, 680, 620, 159, 2.74%, 0, 0, 16, 598.60
1638660459, 3, 669, 684, 624, 159, 2.75%, 0, 0, 16, 614.44
1638660464, 3, 669, 689, 629, 159, 2.75%, 0, 0, 16, 606.00
1638660469, 3, 669, 692, 632, 159, 2.75%, 0, 0, 16, 616.98
1638660474, 3, 669, 693, 633, 159, 2.75%, 0, 0, 16, 605.56
1638660479, 3, 669, 694, 634, 159, 2.75%, 0, 0, 16, 613.91
1638660489, 3, 669, 695, 635, 159, 2.75%, 0, 0, 16, 611.09
1638660494, 3, 670, 706, 645, 165, 2.79%, 0, 0, 16, 614.68
1638660519, 3, 670, 707, 646, 165, 2.79%, 0, 0, 16, 614.03
1638660525, 3, 670, 708, 647, 165, 2.80%, 0, 0, 16, 610.10
1638660530, 3, 670, 709, 648, 165, 2.81%, 0, 0, 16, 606.30
1638660535, 3, 670, 710, 649, 165, 2.83%, 0, 0, 16, 597.16
1638660545, 3, 671, 710, 648, 171, 2.83%, 0, 0, 16, 586.14
1638660550, 3, 671, 713, 651, 171, 2.84%, 0, 0, 16, 594.02
1638660560, 3, 671, 714, 652, 171, 2.84%, 0, 0, 16, 604.89
1638660580, 3, 671, 715, 653, 171, 2.84%, 0, 0, 16, 602.18
1638660601, 3, 696, 715, 652, 174, 2.84%, 0, 0, 16, 613.73
1638660611, 3, 708, 724, 660, 173, 2.84%, 0, 0, 16, 604.51
1638660616, 3, 708, 728, 664, 173, 2.88%, 0, 0, 16, 611.79
1638660621, 3, 708, 734, 670, 173, 2.89%, 0, 0, 16, 606.80
1638660626, 3, 708, 735, 671, 173, 2.89%, 0, 0, 16, 602.72
1638660637, 3, 708, 738, 674, 173, 2.89%, 0, 0, 16, 594.68
1638660642, 3, 708, 741, 677, 173, 2.89%, 0, 0, 16, 599.17
1638660667, 3, 708, 743, 679, 173, 2.89%, 0, 0, 16, 592.77
1638660673, 3, 708, 745, 681, 173, 2.89%, 0, 0, 16, 598.19
1638660678, 3, 708, 746, 682, 173, 2.89%, 0, 0, 16, 600.46
1638660693, 3, 708, 749, 685, 173, 2.89%, 0, 0, 16, 614.73
1638660698, 3, 708, 751, 687, 173, 2.89%, 0, 0, 16, 611.14
1638660703, 3, 708, 752, 688, 173, 2.89%, 0, 0, 16, 606.41
1638660708, 3, 708, 754, 690, 173, 2.90%, 0, 0, 16, 616.66
1638660718, 3, 713, 757, 692, 183, 2.90%, 0, 0, 16, 618.59
1638660734, 3, 714, 757, 691, 182, 2.90%, 0, 0, 16, 617.32
1638660739, 3, 714, 758, 692, 182, 2.90%, 0, 0, 16, 622.39
1638660744, 3, 714, 759, 693, 182, 2.90%, 0, 0, 16, 610.35
1638660749, 3, 714, 760, 694, 182, 2.90%, 0, 0, 16, 615.42
1638660774, 3, 752, 760, 693, 182, 2.90%, 0, 0, 16, 611.22
1638660779, 3, 752, 767, 700, 182, 2.90%, 0, 0, 16, 612.52
1638660784, 3, 752, 770, 703, 182, 2.91%, 0, 0, 16, 597.97
1638660794, 3, 752, 773, 706, 182, 2.91%, 0, 0, 16, 606.90
1638660876, 3, 752, 775, 708, 182, 2.91%, 0, 0, 16, 602.73
1638660886, 3, 752, 776, 709, 182, 2.91%, 0, 0, 16, 594.18
1638660896, 3, 752, 777, 710, 182, 2.91%, 0, 0, 16, 604.92
1638660907, 3, 752, 778, 711, 182, 2.91%, 0, 0, 16, 590.97
1638660912, 3, 752, 780, 713, 182, 2.91%, 0, 0, 16, 602.17
1638660917, 3, 756, 786, 718, 186, 2.95%, 0, 0, 16, 608.96
1638660922, 3, 756, 787, 719, 186, 2.95%, 0, 0, 16, 618.19
1638660942, 3, 759, 788, 719, 188, 2.95%, 0, 0, 16, 624.42
1638660963, 3, 759, 789, 720, 188, 2.95%, 0, 0, 16, 600.84
1638660978, 3, 779, 789, 719, 188, 2.95%, 0, 0, 16, 621.55
1638660983, 3, 779, 793, 723, 188, 2.96%, 0, 0, 16, 618.74
1638660988, 3, 779, 796, 726, 188, 2.96%, 0, 0, 16, 604.01
1638660993, 3, 779, 797, 727, 188, 2.96%, 0, 0, 16, 591.23
1638660998, 3, 779, 798, 728, 188, 2.97%, 0, 0, 16, 605.92
1638661070, 3, 779, 800, 730, 188, 2.97%, 0, 0, 16, 594.14
1638661075, 3, 779, 801, 731, 188, 2.97%, 0, 0, 16, 588.04
1638661095, 3, 779, 802, 732, 188, 2.97%, 0, 0, 16, 613.71
1638661111, 4, 520, 806, 735, 192, 2.98%, 0, 0, 16, 597.08
1638661116, 4, 520, 807, 736, 192, 2.98%, 0, 0, 16, 601.22
1638661121, 4, 520, 808, 737, 192, 2.98%, 0, 0, 16, 607.15
1638661162, 4, 521, 811, 739, 192, 3.01%, 0, 0, 16, 623.16
1638661167, 4, 677, 811, 738, 192, 3.01%, 0, 0, 16, 616.06
1638661177, 4, 690, 814, 740, 191, 3.02%, 0, 0, 16, 621.20
1638661192, 4, 813, 816, 741, 192, 3.02%, 0, 0, 16, 622.70
1638661197, 4, 813, 821, 746, 192, 3.03%, 0, 0, 16, 617.09
1638661207, 4, 813, 823, 748, 192, 3.03%, 0, 0, 16, 611.92
1638661222, 4, 813, 825, 750, 192, 3.03%, 0, 0, 16, 617.74
1638661227, 4, 813, 826, 751, 192, 3.03%, 0, 0, 16, 624.24
1638661248, 4, 817, 834, 758, 195, 3.04%, 0, 0, 16, 618.00
1638661258, 4, 817, 837, 761, 195, 3.04%, 0, 0, 16, 628.72
1638661263, 4, 817, 838, 762, 195, 3.04%, 0, 0, 16, 600.72
1638661283, 4, 817, 839, 763, 195, 3.04%, 0, 0, 16, 610.96
1638661288, 4, 817, 840, 764, 195, 3.04%, 0, 0, 16, 600.44
1638661299, 4, 838, 841, 764, 196, 3.04%, 0, 0, 16, 604.86
1638661309, 4, 838, 842, 765, 196, 3.04%, 0, 0, 16, 614.57
1638661339, 4, 838, 843, 766, 196, 3.04%, 0, 0, 16, 617.37
1638661345, 5, 704, 843, 765, 196, 3.04%, 0, 0, 16, 587.47
1638661350, 5, 704, 849, 771, 196, 3.06%, 0, 0, 16, 607.26
1638661355, 5, 704, 855, 777, 196, 3.12%, 0, 0, 16, 604.33
1638661360, 5, 704, 858, 780, 196, 3.12%, 0, 0, 16, 603.25
1638661390, 5, 704, 859, 781, 196, 3.12%, 0, 0, 16, 622.35
1638661405, 5, 704, 860, 782, 196, 3.12%, 0, 0, 16, 611.16
1638661411, 5, 846, 863, 784, 199, 3.13%, 0, 0, 16, 605.26
1638661431, 5, 860, 864, 784, 199, 3.13%, 0, 0, 16, 620.55
1638661436, 5, 860, 866, 786, 199, 3.15%, 0, 0, 16, 626.59
1638661441, 5, 860, 868, 788, 199, 3.15%, 0, 0, 16, 626.98
1638661482, 6, 707, 870, 789, 200, 3.15%, 0, 0, 16, 617.55
1638661492, 6, 852, 870, 788, 199, 3.15%, 0, 0, 16, 616.89
1638661512, 6, 853, 872, 789, 198, 3.16%, 0, 0, 16, 614.00
1638661517, 6, 853, 873, 790, 198, 3.16%, 0, 0, 16, 618.10
1638661553, 7, 231, 875, 791, 199, 3.20%, 0, 0, 16, 620.82
1638661563, 7, 402, 875, 789, 198, 3.20%, 0, 0, 16, 585.92
1638661568, 7, 402, 876, 790, 198, 3.21%, 0, 0, 16, 610.46
1638661578, 7, 875, 878, 791, 197, 3.25%, 0, 0, 16, 614.48
1638661588, 7, 875, 879, 792, 197, 3.25%, 0, 0, 16, 618.61
1638661613, 8, 408, 879, 791, 197, 3.25%, 0, 0, 16, 608.64
1638661623, 8, 421, 881, 792, 196, 3.26%, 0, 0, 16, 593.70
1638661634, 8, 879, 881, 791, 196, 3.26%, 0, 0, 16, 601.18
1638661644, 8, 879, 882, 792, 196, 3.26%, 0, 0, 16, 617.62
1638661649, 8, 879, 883, 793, 196, 3.26%, 0, 0, 16, 605.51
1638661690, 8, 882, 885, 794, 197, 3.26%, 0, 0, 16, 603.10
1638661731, 8, 884, 886, 794, 196, 3.27%, 0, 0, 16, 616.20
1638661741, 8, 884, 887, 795, 196, 3.28%, 0, 0, 16, 611.31
1638661751, 8, 884, 888, 796, 196, 3.28%, 0, 0, 16, 616.45
1638661781, 8, 885, 889, 796, 197, 3.28%, 0, 0, 16, 612.68
1638661802, 8, 885, 891, 798, 197, 3.28%, 0, 0, 16, 586.04
1638661843, 9, 428, 891, 797, 197, 3.28%, 0, 0, 16, 601.74
1638661848, 9, 486, 892, 797, 196, 3.30%, 0, 0, 16, 609.23
1638661853, 9, 486, 894, 799, 196, 3.30%, 0, 0, 16, 614.89
1638661878, 9, 486, 895, 800, 196, 3.30%, 0, 0, 16, 623.35
1638661888, 9, 501, 896, 800, 195, 3.30%, 0, 0, 16, 614.73
1638661893, 9, 501, 897, 801, 195, 3.30%, 0, 0, 16, 602.48
1638661898, 9, 740, 897, 800, 195, 3.30%, 0, 0, 16, 601.37
1638661903, 9, 740, 898, 801, 195, 3.30%, 0, 0, 16, 586.54
1638661909, 9, 740, 901, 804, 195, 3.31%, 0, 0, 16, 595.03
1638661919, 9, 740, 902, 805, 195, 3.31%, 0, 0, 16, 602.70
1638661934, 9, 740, 903, 806, 195, 3.31%, 0, 0, 16, 598.34
1638661945, 9, 903, 904, 806, 197, 3.31%, 0, 0, 16, 594.72
1638661950, 9, 903, 908, 810, 197, 3.32%, 0, 0, 16, 574.52
1638661955, 9, 903, 910, 812, 197, 3.32%, 0, 0, 16, 590.28
1638661965, 9, 903, 913, 815, 197, 3.32%, 0, 0, 16, 594.66
1638661970, 9, 903, 914, 816, 197, 3.32%, 0, 0, 16, 585.06
1638662006, 9, 907, 914, 815, 199, 3.32%, 0, 0, 16, 598.32
1638662027, 9, 907, 915, 816, 199, 3.32%, 0, 0, 16, 603.48
1638662042, 9, 907, 916, 817, 199, 3.32%, 0, 0, 16, 579.84
1638662047, 9, 907, 917, 818, 199, 3.32%, 0, 0, 16, 598.20
1638662052, 9, 907, 918, 819, 199, 3.32%, 0, 0, 16, 600.51
1638662067, 10, 900, 918, 818, 198, 3.32%, 0, 0, 16, 593.94
1638662073, 10, 900, 920, 820, 198, 3.32%, 0, 0, 16, 593.31
1638662103, 10, 900, 921, 821, 198, 3.32%, 0, 0, 16, 567.67
1638662139, 10, 900, 923, 823, 198, 3.32%, 0, 0, 16, 582.41
1638662180, 10, 920, 923, 822, 198, 3.32%, 0, 0, 16, 589.47
1638662185, 10, 920, 924, 823, 198, 3.32%, 0, 0, 16, 600.30
1638662211, 11, 781, 925, 823, 197, 3.32%, 0, 0, 16, 609.09
1638662232, 11, 794, 925, 822, 196, 3.32%, 0, 0, 16, 610.33
1638662237, 11, 794, 929, 826, 196, 3.36%, 0, 0, 16, 600.57
1638662242, 11, 794, 930, 827, 196, 3.36%, 0, 0, 16, 610.68
1638662247, 11, 794, 931, 828, 196, 3.36%, 0, 0, 16, 598.44
1638662252, 11, 794, 932, 829, 196, 3.36%, 0, 0, 16, 597.03
1638662329, 11, 794, 933, 830, 196, 3.36%, 0, 0, 16, 602.18
1638662339, 11, 794, 935, 832, 196, 3.36%, 0, 0, 16, 600.66
1638662364, 11, 926, 935, 831, 201, 3.36%, 0, 0, 16, 595.43
1638662467, 11, 926, 936, 832, 201, 3.36%, 0, 0, 16, 590.52
1638662492, 11, 927, 936, 831, 200, 3.36%, 0, 0, 16, 598.33
1638662595, 11, 927, 937, 832, 200, 3.36%, 0, 0, 16, 599.72
1638662620, 11, 928, 937, 831, 199, 3.36%, 0, 0, 16, 598.94
1638662625, 11, 928, 957, 851, 199, 3.37%, 0, 1, 16, 123.13
1638662635, 11, 928, 958, 852, 199, 3.38%, 0, 3, 16, 590.83
1638662656, 11, 928, 959, 853, 199, 3.38%, 0, 3, 16, 537.27
1638662722, 11, 928, 967, 861, 199, 3.38%, 0, 5, 16, 582.09
1638662727, 11, 928, 971, 865, 199, 3.38%, 0, 5, 16, 519.07
1638662732, 11, 928, 974, 868, 199, 3.38%, 0, 6, 16, 522.81
1638662737, 11, 928, 976, 870, 199, 3.38%, 0, 6, 16, 498.45
1638662742, 11, 928, 978, 872, 199, 3.38%, 0, 6, 16, 517.83
1638662747, 11, 928, 980, 874, 199, 3.38%, 0, 7, 16, 9.66
1638662753, 11, 928, 982, 876, 199, 3.38%, 0, 7, 16, 458.59
1638662763, 11, 928, 982, 876, 199, 3.38%, 0, 8, 16, 423.87
1638662768, 11, 928, 982, 876, 199, 3.38%, 0, 9, 16, 9.66
1638662778, 11, 930, 984, 877, 203, 3.39%, 0, 9, 16, 585.87
1638662793, 11, 930, 985, 878, 203, 3.39%, 0, 9, 16, 591.07
1638662870, 11, 930, 986, 879, 203, 3.39%, 0, 9, 16, 585.82
1638662906, 11, 931, 986, 878, 204, 3.39%, 0, 9, 16, 602.64
1638662921, 11, 931, 987, 879, 204, 3.39%, 0, 9, 16, 614.62
1638663012, 11, 942, 987, 878, 204, 3.39%, 0, 9, 16, 602.36
1638663017, 11, 942, 988, 879, 204, 3.39%, 0, 9, 16, 604.27
1638663099, 11, 942, 989, 880, 204, 3.39%, 0, 9, 16, 604.28
1638663130, 11, 942, 990, 881, 204, 3.39%, 0, 9, 16, 593.57
1638663140, 11, 944, 991, 881, 204, 3.39%, 0, 9, 16, 606.75
1638663145, 11, 944, 992, 882, 204, 3.39%, 0, 10, 16, 338.19
1638663196, 11, 944, 994, 884, 204, 3.39%, 0, 10, 16, 552.48
1638663247, 11, 944, 996, 886, 204, 3.39%, 0, 10, 16, 489.85
1638663252, 11, 944, 997, 887, 204, 3.39%, 0, 10, 16, 503.34
1638663262, 11, 944, 998, 888, 204, 3.39%, 0, 10, 16, 492.42
1638663277, 11, 944, 1000, 890, 204, 3.39%, 0, 10, 16, 496.37
1638663287, 11, 958, 1000, 889, 202, 3.39%, 0, 10, 16, 560.48
1638663344, 11, 958, 1001, 890, 202, 3.39%, 0, 10, 16, 581.89
1638663374, 11, 958, 1002, 891, 202, 3.39%, 0, 11, 16, 59.40
1638663385, 11, 982, 1002, 890, 202, 3.39%, 0, 11, 16, 587.77
1638663390, 11, 982, 1002, 890, 202, 3.39%, 0, 12, 16, 348.05
1638663395, 11, 982, 1003, 891, 202, 3.39%, 0, 12, 16, 508.85
1638663487, 11, 982, 1004, 892, 202, 3.39%, 0, 12, 16, 501.44
1638663507, 11, 982, 1005, 893, 202, 3.39%, 0, 12, 16, 492.91
1638663517, 11, 982, 1007, 895, 202, 3.39%, 0, 12, 16, 490.58
1638663522, 11, 982, 1008, 896, 202, 3.39%, 0, 12, 16, 502.83
1638663532, 11, 986, 1008, 895, 201, 3.39%, 0, 12, 16, 525.39
1638663640, 11, 993, 1008, 894, 200, 3.39%, 0, 12, 16, 603.59
1638663650, 11, 993, 1008, 894, 200, 3.39%, 0, 13, 16, 98.69
1638663656, 11, 993, 1010, 896, 200, 3.39%, 0, 13, 16, 558.55
1638663686, 11, 993, 1010, 896, 200, 3.39%, 0, 14, 16, 549.62
1638663696, 12, 984, 1010, 895, 199, 3.39%, 0, 14, 16, 566.76
1638663707, 12, 984, 1011, 896, 199, 3.39%, 0, 14, 16, 611.52
1638663803, 13, 805, 1011, 895, 198, 3.39%, 0, 14, 16, 617.53
1638663808, 13, 805, 1012, 896, 198, 3.40%, 0, 14, 16, 617.90
1638663833, 13, 805, 1013, 897, 198, 3.40%, 0, 14, 16, 621.84
1638663839, 13, 805, 1014, 898, 198, 3.40%, 0, 14, 16, 624.09
1638663889, 13, 818, 1015, 898, 200, 3.40%, 0, 14, 16, 624.94
1638663909, 13, 818, 1016, 899, 200, 3.40%, 0, 14, 16, 611.37
1638663940, 13, 833, 1016, 898, 200, 3.40%, 0, 14, 16, 626.16
1638663950, 13, 833, 1017, 899, 200, 3.40%, 0, 14, 16, 618.44
1638663955, 13, 833, 1018, 900, 200, 3.40%, 0, 14, 16, 620.00
1638663990, 13, 891, 1024, 905, 200, 3.45%, 0, 14, 16, 602.61
1638663996, 13, 891, 1025, 906, 200, 3.46%, 0, 14, 16, 592.15
1638664006, 13, 891, 1026, 907, 200, 3.46%, 0, 14, 16, 587.83
1638664016, 13, 891, 1027, 908, 200, 3.47%, 0, 14, 16, 569.54
1638664047, 13, 1024, 1035, 915, 204, 3.48%, 0, 14, 16, 580.61
1638664052, 13, 1024, 1037, 917, 204, 3.48%, 0, 14, 16, 598.58
1638664072, 13, 1024, 1038, 918, 204, 3.49%, 0, 14, 16, 599.94
1638664098, 13, 1024, 1039, 919, 204, 3.49%, 0, 14, 16, 605.16
1638664103, 13, 1026, 1041, 920, 209, 3.49%, 0, 14, 16, 606.70
1638664134, 13, 1029, 1045, 923, 209, 3.50%, 0, 14, 16, 589.67
1638664139, 13, 1029, 1047, 925, 209, 3.50%, 0, 14, 16, 596.26
1638664144, 13, 1029, 1048, 926, 209, 3.50%, 0, 14, 16, 575.20
1638664149, 13, 1029, 1049, 927, 209, 3.50%, 0, 14, 16, 590.84
1638664190, 13, 1038, 1054, 931, 211, 3.51%, 0, 14, 16, 601.91
1638664200, 13, 1038, 1055, 932, 211, 3.51%, 0, 14, 16, 601.26
1638664246, 13, 1049, 1057, 933, 208, 3.51%, 0, 14, 16, 603.75
1638664251, 13, 1049, 1059, 935, 208, 3.52%, 0, 14, 16, 595.32
1638664287, 13, 1049, 1060, 936, 208, 3.52%, 0, 14, 16, 597.53
1638664303, 13, 1049, 1061, 937, 208, 3.52%, 0, 14, 16, 589.62
1638664308, 13, 1054, 1068, 943, 209, 3.52%, 0, 14, 16, 579.67
1638664333, 13, 1054, 1076, 951, 209, 3.52%, 0, 14, 16, 532.59
1638664395, 13, 1060, 1076, 950, 209, 3.52%, 0, 14, 16, 570.25
1638664400, 13, 1060, 1077, 951, 209, 3.52%, 0, 14, 16, 577.25
1638664425, 13, 1060, 1078, 952, 209, 3.52%, 0, 14, 16, 573.11
1638664461, 14, 1011, 1079, 952, 208, 3.56%, 0, 14, 16, 573.91
1638664466, 14, 1011, 1080, 953, 208, 3.56%, 0, 14, 16, 616.47
1638664501, 14, 1011, 1081, 954, 208, 3.56%, 0, 14, 16, 607.59
1638664522, 14, 1079, 1081, 953, 208, 3.56%, 0, 14, 16, 621.30
1638664562, 14, 1080, 1083, 954, 207, 3.56%, 0, 14, 16, 597.28
1638664567, 14, 1080, 1085, 956, 207, 3.58%, 0, 14, 16, 612.60
1638664593, 14, 1080, 1087, 958, 207, 3.58%, 0, 14, 16, 609.68
1638664608, 14, 1080, 1088, 959, 207, 3.58%, 0, 14, 16, 600.34
1638664649, 14, 1087, 1092, 962, 209, 3.59%, 0, 14, 16, 619.27
1638664654, 14, 1087, 1094, 964, 209, 3.59%, 0, 14, 16, 621.66
1638664674, 14, 1087, 1096, 966, 209, 3.59%, 0, 14, 16, 606.50
1638664680, 14, 1087, 1097, 967, 209, 3.59%, 0, 14, 16, 615.46
1638664685, 14, 1087, 1098, 968, 209, 3.59%, 0, 14, 16, 600.56
1638664730, 14, 1090, 1099, 968, 210, 3.59%, 0, 14, 16, 617.23
1638664761, 14, 1090, 1101, 970, 210, 3.59%, 0, 14, 16, 614.44
1638664786, 14, 1090, 1102, 971, 210, 3.59%, 0, 14, 16, 623.54
1638664796, 14, 1091, 1103, 971, 210, 3.59%, 0, 14, 16, 621.27
1638664817, 14, 1091, 1104, 972, 210, 3.59%, 0, 14, 16, 614.26
1638664832, 14, 1091, 1105, 973, 210, 3.60%, 0, 14, 16, 624.51
1638664837, 14, 1091, 1107, 975, 210, 3.60%, 0, 14, 16, 631.11
1638664842, 14, 1091, 1108, 976, 210, 3.60%, 0, 14, 16, 622.00
1638664862, 14, 1104, 1110, 977, 213, 3.61%, 0, 14, 16, 602.74
1638664903, 14, 1104, 1111, 978, 213, 3.61%, 0, 14, 16, 614.49
1638664933, 14, 1107, 1112, 978, 214, 3.61%, 0, 14, 16, 626.08
1638664974, 14, 1107, 1113, 979, 214, 3.61%, 0, 14, 16, 605.06
1638664989, 14, 1107, 1114, 980, 214, 3.61%, 0, 14, 16, 602.68
1638664999, 14, 1112, 1115, 980, 215, 3.61%, 0, 14, 16, 605.91
1638665075, 15, 1092, 1117, 981, 214, 3.62%, 0, 14, 16, 610.53
1638665106, 15, 1092, 1118, 982, 214, 3.62%, 0, 14, 16, 612.27
1638665141, 15, 1115, 1119, 982, 215, 3.62%, 0, 14, 16, 604.20
1638665172, 15, 1115, 1120, 983, 215, 3.62%, 0, 14, 16, 610.23
1638665182, 15, 1115, 1121, 984, 215, 3.62%, 0, 14, 16, 602.71
1638665192, 15, 1115, 1122, 985, 215, 3.62%, 0, 14, 16, 595.14
1638665208, 15, 1116, 1123, 985, 214, 3.62%, 0, 14, 16, 610.11
1638665213, 15, 1116, 1125, 987, 214, 3.62%, 0, 14, 16, 622.26
1638665238, 15, 1116, 1126, 988, 214, 3.62%, 0, 14, 16, 614.50
1638665269, 15, 1116, 1127, 989, 214, 3.62%, 0, 14, 16, 606.10
1638665274, 15, 1123, 1127, 988, 217, 3.62%, 0, 14, 16, 614.64
1638665315, 15, 1123, 1128, 989, 217, 3.62%, 0, 14, 16, 613.62
1638665345, 15, 1126, 1131, 991, 216, 3.64%, 0, 14, 16, 589.83
1638665375, 15, 1126, 1132, 992, 216, 3.64%, 0, 14, 16, 606.10
1638665381, 15, 1126, 1133, 993, 216, 3.64%, 0, 14, 16, 606.93
1638665411, 15, 1129, 1134, 993, 215, 3.64%, 0, 14, 16, 609.26
1638665437, 15, 1129, 1135, 994, 215, 3.64%, 0, 14, 16, 606.85
1638665452, 15, 1129, 1136, 995, 215, 3.64%, 0, 14, 16, 611.46
1638665467, 15, 1129, 1137, 996, 215, 3.64%, 0, 14, 16, 605.30
1638665477, 16, 1106, 1138, 996, 215, 3.64%, 0, 14, 16, 614.94
1638665717, 16, 1124, 1138, 995, 215, 3.64%, 0, 14, 16, 604.61
1638665722, 16, 1124, 1139, 996, 215, 3.65%, 0, 14, 16, 611.23
1638665763, 16, 1138, 1141, 997, 215, 3.66%, 0, 14, 16, 582.78
1638665794, 16, 1138, 1145, 1001, 215, 3.67%, 0, 14, 16, 600.72
1638665829, 16, 1142, 1145, 1000, 216, 3.67%, 0, 14, 16, 614.62
1638665834, 16, 1142, 1146, 1001, 216, 3.67%, 0, 14, 16, 621.92
1638665870, 16, 1145, 1147, 1001, 215, 3.67%, 0, 14, 16, 612.48
1638665875, 16, 1145, 1157, 1011, 215, 3.68%, 0, 14, 16, 603.49
1638665880, 16, 1145, 1158, 1012, 215, 3.68%, 0, 14, 16, 604.42
1638665885, 16, 1145, 1159, 1013, 215, 3.68%, 0, 14, 16, 592.18
1638665906, 16, 1145, 1160, 1014, 215, 3.68%, 0, 14, 16, 606.02
1638665916, 17, 1137, 1162, 1015, 217, 3.69%, 0, 14, 16, 595.76
1638666161, 17, 1161, 1163, 1015, 217, 3.69%, 0, 14, 16, 600.50
1638666401, 17, 1162, 1165, 1016, 217, 3.72%, 0, 14, 16, 613.62
1638666441, 17, 1162, 1166, 1017, 217, 3.72%, 0, 14, 16, 620.62
1638666640, 17, 1165, 1166, 1016, 219, 3.72%, 0, 14, 16, 603.65
1638666885, 18, 220, 1170, 1019, 218, 3.72%, 0, 14, 16, 592.33
1638666895, 18, 220, 1175, 1024, 218, 3.72%, 0, 14, 16, 601.25
1638666946, 18, 261, 1175, 1023, 219, 3.72%, 0, 14, 16, 602.87
1638666951, 18, 458, 1178, 1025, 219, 3.73%, 0, 14, 16, 609.18
1638666966, 18, 458, 1179, 1026, 219, 3.73%, 0, 14, 16, 605.56
1638666972, 18, 458, 1180, 1027, 219, 3.73%, 0, 14, 16, 611.45
1638666992, 18, 500, 1180, 1026, 218, 3.73%, 0, 14, 16, 610.07
1638666997, 18, 503, 1180, 1025, 217, 3.73%, 0, 14, 16, 613.09
1638667002, 18, 503, 1183, 1028, 217, 3.75%, 0, 14, 16, 604.27
1638667032, 18, 611, 1185, 1029, 218, 3.75%, 0, 14, 16, 601.75
1638667063, 18, 782, 1186, 1029, 217, 3.75%, 0, 14, 16, 597.54
1638667073, 18, 783, 1186, 1028, 216, 3.75%, 0, 14, 16, 604.31
1638667078, 18, 783, 1187, 1029, 216, 3.75%, 0, 14, 16, 610.18
1638667099, 18, 1186, 1189, 1030, 216, 3.77%, 0, 14, 16, 605.06
1638667104, 18, 1186, 1191, 1032, 216, 3.78%, 0, 14, 16, 611.88
1638667109, 18, 1186, 1192, 1033, 216, 3.78%, 0, 14, 16, 608.80
1638667114, 18, 1186, 1197, 1038, 216, 3.78%, 0, 14, 16, 603.85
1638667119, 18, 1186, 1198, 1039, 216, 3.78%, 0, 14, 16, 608.51
1638667155, 18, 1189, 1199, 1039, 218, 3.79%, 0, 14, 16, 606.67
1638667180, 18, 1198, 1204, 1043, 218, 3.79%, 0, 14, 16, 605.93
1638667185, 18, 1198, 1206, 1045, 218, 3.80%, 0, 14, 16, 596.10
1638667191, 18, 1198, 1207, 1046, 218, 3.80%, 0, 14, 16, 597.97
1638667226, 18, 1199, 1208, 1046, 223, 3.80%, 0, 14, 16, 610.97
1638667257, 18, 1200, 1208, 1045, 223, 3.80%, 0, 14, 16, 609.40
1638667262, 18, 1200, 1209, 1046, 223, 3.80%, 0, 14, 16, 591.46
1638667287, 18, 1207, 1209, 1045, 223, 3.80%, 0, 14, 16, 618.02
1638667318, 18, 1208, 1209, 1044, 222, 3.80%, 0, 14, 16, 601.71
1638667323, 18, 1208, 1212, 1047, 222, 3.80%, 0, 14, 16, 589.72
1638667379, 19, 1190, 1212, 1046, 223, 3.80%, 0, 14, 16, 588.73
1638667404, 19, 1203, 1215, 1048, 222, 3.80%, 0, 14, 16, 607.92
1638667425, 19, 1203, 1216, 1049, 222, 3.80%, 0, 14, 16, 596.99
1638667460, 20, 809, 1217, 1049, 222, 3.80%, 0, 14, 16, 598.52
1638667486, 20, 854, 1218, 1049, 221, 3.81%, 0, 14, 16, 589.66
1638667491, 20, 854, 1232, 1063, 221, 3.83%, 0, 14, 16, 598.49
1638667501, 20, 854, 1235, 1066, 221, 3.84%, 0, 14, 16, 597.30
1638667537, 20, 854, 1236, 1067, 221, 3.84%, 0, 14, 16, 609.64
1638667547, 20, 854, 1237, 1068, 221, 3.84%, 0, 14, 16, 591.33
1638667552, 20, 1230, 1237, 1067, 226, 3.84%, 0, 14, 16, 588.41
1638667557, 20, 1230, 1238, 1068, 226, 3.85%, 0, 14, 16, 592.16
1638667567, 20, 1230, 1240, 1070, 226, 3.85%, 0, 14, 16, 588.44
1638667573, 20, 1230, 1242, 1072, 226, 3.86%, 0, 14, 16, 600.60
1638667588, 20, 1230, 1243, 1073, 226, 3.86%, 0, 14, 16, 595.66
1638667593, 20, 1230, 1244, 1074, 226, 3.86%, 0, 14, 16, 581.93
1638667608, 20, 1230, 1245, 1075, 226, 3.87%, 0, 14, 16, 588.12
1638667618, 20, 1231, 1246, 1075, 232, 3.87%, 0, 14, 16, 584.62
1638667634, 20, 1231, 1247, 1076, 232, 3.87%, 0, 14, 16, 588.50
1638667685, 20, 1244, 1248, 1076, 232, 3.87%, 0, 14, 16, 588.25
1638667711, 20, 1244, 1249, 1077, 232, 3.87%, 0, 14, 16, 601.88
1638667736, 20, 1247, 1249, 1076, 232, 3.87%, 0, 14, 16, 603.78
1638667787, 21, 1236, 1249, 1075, 231, 3.87%, 0, 14, 16, 588.68
1638667797, 21, 1236, 1251, 1077, 231, 3.87%, 0, 14, 16, 602.56
1638667802, 21, 1236, 1253, 1079, 231, 3.87%, 0, 14, 16, 581.18
1638667818, 21, 1236, 1254, 1080, 231, 3.87%, 0, 14, 16, 596.40
1638667828, 21, 1236, 1255, 1081, 231, 3.88%, 0, 14, 16, 599.39
1638667833, 21, 1236, 1256, 1082, 231, 3.88%, 0, 14, 16, 592.91
1638667854, 21, 1254, 1256, 1081, 231, 3.88%, 0, 14, 16, 603.18
1638667864, 21, 1254, 1257, 1082, 231, 3.88%, 0, 14, 16, 576.07
1638667920, 22, 906, 1257, 1081, 230, 3.88%, 0, 14, 16, 607.73
1638668012, 22, 1108, 1258, 1081, 229, 3.88%, 0, 14, 16, 613.37
1638668047, 22, 1108, 1259, 1082, 229, 3.88%, 0, 14, 16, 606.96
1638668078, 22, 1111, 1261, 1083, 229, 3.89%, 0, 14, 16, 602.51
1638668124, 22, 1111, 1262, 1084, 229, 3.89%, 0, 14, 16, 614.70
1638668149, 22, 1147, 1265, 1086, 230, 3.90%, 0, 14, 16, 622.04
1638668200, 22, 1163, 1265, 1085, 232, 3.90%, 0, 14, 16, 624.53
1638668205, 22, 1163, 1266, 1086, 232, 3.90%, 0, 14, 16, 596.89
1638668241, 22, 1163, 1267, 1087, 232, 3.90%, 0, 14, 16, 595.47
1638668450, 22, 1266, 1267, 1086, 233, 3.90%, 0, 14, 16, 606.13
1638668485, 22, 1266, 1268, 1087, 233, 3.91%, 0, 14, 16, 609.14
1638668699, 22, 1267, 1268, 1086, 233, 3.91%, 0, 14, 16, 582.49
1638668714, 22, 1267, 1269, 1087, 233, 3.91%, 0, 14, 16, 607.90
1638668740, 22, 1267, 1270, 1088, 233, 3.91%, 0, 14, 16, 613.39
1638668955, 22, 1268, 1271, 1088, 233, 3.91%, 0, 14, 17, 591.76
1638668970, 22, 1268, 1272, 1089, 233, 3.92%, 0, 14, 17, 610.89
1638669200, 22, 1268, 1273, 1090, 233, 3.92%, 0, 14, 17, 599.58
1638669230, 22, 1271, 1273, 1089, 234, 3.92%, 0, 14, 17, 615.80
1638669271, 22, 1271, 1276, 1092, 234, 3.93%, 0, 14, 18, 593.57
1638669480, 22, 1273, 1276, 1091, 236, 3.93%, 0, 14, 18, 612.27
1638669485, 22, 1273, 1278, 1093, 236, 3.94%, 0, 14, 19, 595.76
1638669730, 22, 1274, 1278, 1092, 237, 3.94%, 0, 14, 19, 603.62
1638669735, 22, 1274, 1279, 1093, 237, 3.94%, 0, 14, 19, 605.43
1638669985, 22, 1277, 1280, 1093, 237, 3.95%, 0, 14, 20, 614.85
1638670230, 23, 1275, 1280, 1092, 237, 3.95%, 0, 14, 20, 590.17
1638670235, 23, 1275, 1281, 1093, 237, 3.95%, 0, 14, 20, 596.21
1638670246, 23, 1275, 1282, 1094, 237, 3.95%, 0, 14, 20, 603.22
1638670465, 23, 1275, 1283, 1095, 237, 3.95%, 0, 14, 20, 599.88
1638670511, 23, 1276, 1283, 1094, 237, 3.95%, 0, 14, 20, 605.09
1638670761, 24, 1164, 1284, 1094, 236, 3.95%, 0, 14, 20, 622.32
1638670802, 24, 1164, 1285, 1095, 236, 3.96%, 0, 14, 20, 594.52
1638671006, 24, 1284, 1285, 1094, 237, 3.96%, 0, 14, 20, 585.01
1638671047, 24, 1284, 1287, 1096, 237, 3.97%, 0, 14, 20, 601.28
1638671235, 24, 1284, 1288, 1097, 237, 3.98%, 0, 14, 20, 613.84
1638671286, 24, 1285, 1289, 1097, 239, 3.98%, 0, 14, 20, 590.57
1638671311, 24, 1285, 1291, 1099, 239, 3.99%, 0, 14, 20, 608.11
1638671327, 24, 1285, 1294, 1102, 239, 3.99%, 0, 14, 20, 604.80
1638671515, 24, 1285, 1295, 1103, 239, 4.00%, 0, 14, 20, 602.46
1638671520, 24, 1285, 1297, 1105, 239, 4.00%, 0, 14, 20, 587.08
1638671567, 24, 1286, 1297, 1104, 243, 4.00%, 0, 14, 20, 605.03
1638671806, 24, 1286, 1298, 1105, 243, 4.00%, 0, 14, 20, 602.90
1638671847, 24, 1290, 1298, 1104, 243, 4.00%, 0, 14, 20, 612.18
1638671888, 24, 1290, 1299, 1105, 243, 4.02%, 0, 14, 20, 607.57
1638672096, 24, 1292, 1299, 1104, 243, 4.02%, 0, 14, 20, 612.27
1638672346, 24, 1293, 1299, 1103, 242, 4.02%, 0, 14, 20, 609.85
1638672387, 24, 1293, 1300, 1104, 242, 4.02%, 0, 14, 20, 614.30
1638672597, 24, 1298, 1302, 1105, 242, 4.02%, 0, 14, 20, 604.32
1638672846, 24, 1299, 1304, 1106, 243, 4.03%, 0, 14, 20, 598.11
1638672887, 24, 1299, 1307, 1109, 243, 4.03%, 0, 14, 20, 600.08
1638673103, 24, 1305, 1307, 1108, 245, 4.03%, 0, 14, 20, 596.52
1638673358, 25, 1297, 1307, 1107, 244, 4.03%, 0, 14, 20, 592.68
1638673389, 25, 1300, 1308, 1107, 243, 4.03%, 0, 14, 20, 607.78
1638673547, 25, 1300, 1309, 1108, 243, 4.03%, 0, 14, 20, 607.17
1638673633, 25, 1301, 1309, 1107, 242, 4.03%, 0, 14, 20, 610.86
1638673644, 25, 1301, 1310, 1108, 242, 4.03%, 0, 14, 20, 611.03
1638673867, 25, 1301, 1311, 1109, 242, 4.03%, 0, 14, 20, 599.94
1638673908, 25, 1302, 1311, 1108, 241, 4.03%, 0, 14, 20, 585.94
1638673913, 25, 1302, 1312, 1109, 241, 4.03%, 0, 14, 20, 574.93
1638674163, 25, 1311, 1313, 1109, 241, 4.03%, 0, 14, 20, 585.70
1638674413, 25, 1312, 1313, 1108, 241, 4.03%, 0, 14, 20, 602.81
1638674428, 25, 1312, 1314, 1109, 241, 4.03%, 0, 14, 21, 610.48
1638674642, 25, 1312, 1315, 1110, 241, 4.03%, 0, 14, 21, 578.11
1638674699, 25, 1313, 1317, 1111, 240, 4.04%, 0, 14, 22, 594.40
1638674949, 25, 1315, 1318, 1111, 241, 4.04%, 0, 14, 23, 599.65
1638675178, 25, 1315, 1319, 1112, 241, 4.04%, 0, 14, 23, 603.83
1638675229, 25, 1317, 1319, 1111, 242, 4.04%, 0, 14, 23, 601.94
1638675479, 26, 1175, 1321, 1112, 241, 4.04%, 0, 14, 23, 611.49
1638675484, 26, 1175, 1322, 1113, 241, 4.04%, 0, 14, 23, 600.07
1638675499, 26, 1245, 1322, 1112, 240, 4.04%, 0, 14, 23, 610.48
1638675509, 26, 1245, 1323, 1113, 240, 4.04%, 0, 14, 23, 599.95
1638675566, 26, 1257, 1323, 1112, 239, 4.04%, 0, 14, 23, 585.75
1638675602, 26, 1257, 1324, 1113, 239, 4.04%, 0, 14, 23, 569.59
1638675637, 26, 1263, 1324, 1112, 238, 4.04%, 0, 14, 23, 601.47
1638675642, 26, 1263, 1325, 1113, 238, 4.04%, 0, 14, 23, 602.48
1638675699, 26, 1316, 1325, 1112, 237, 4.04%, 0, 14, 23, 609.55
1638675709, 26, 1316, 1326, 1113, 237, 4.04%, 0, 14, 23, 596.79
1638675924, 26, 1316, 1327, 1114, 237, 4.04%, 0, 14, 23, 605.29
1638675975, 26, 1316, 1328, 1115, 237, 4.04%, 0, 14, 23, 598.37
1638675980, 27, 420, 1332, 1118, 237, 4.04%, 0, 14, 23, 573.84
1638675996, 27, 437, 1332, 1117, 236, 4.04%, 0, 14, 23, 584.01
1638676001, 27, 462, 1333, 1117, 235, 4.04%, 0, 14, 23, 582.98
1638676011, 27, 473, 1334, 1117, 234, 4.04%, 0, 14, 23, 579.38
1638676016, 27, 473, 1335, 1118, 234, 4.04%, 0, 14, 23, 594.28
1638676021, 27, 479, 1338, 1120, 233, 4.06%, 0, 14, 23, 582.45
1638676026, 27, 1335, 1342, 1123, 234, 4.07%, 0, 14, 23, 577.81
1638676047, 27, 1338, 1343, 1123, 235, 4.07%, 0, 14, 23, 606.36
1638676067, 27, 1339, 1343, 1122, 235, 4.07%, 0, 14, 23, 609.75
1638676072, 27, 1339, 1344, 1123, 235, 4.08%, 0, 14, 23, 603.26
1638676093, 27, 1340, 1344, 1122, 235, 4.08%, 0, 14, 23, 613.02
1638676113, 27, 1342, 1346, 1123, 234, 4.08%, 0, 14, 23, 613.50
1638676133, 27, 1344, 1348, 1124, 235, 4.09%, 0, 14, 23, 598.70
1638676149, 27, 1344, 1349, 1125, 235, 4.10%, 0, 14, 23, 612.08
1638676174, 27, 1345, 1351, 1126, 237, 4.11%, 0, 14, 23, 617.25
1638676194, 27, 1348, 1351, 1125, 237, 4.11%, 0, 14, 23, 609.61
1638676199, 27, 1348, 1353, 1127, 237, 4.11%, 0, 14, 23, 609.63
1638676215, 27, 1348, 1354, 1128, 237, 4.11%, 0, 14, 23, 610.64
1638676225, 27, 1348, 1355, 1129, 237, 4.11%, 0, 14, 23, 604.74
1638676240, 27, 1353, 1358, 1131, 237, 4.11%, 0, 14, 23, 585.91
1638676250, 27, 1353, 1360, 1133, 237, 4.11%, 0, 14, 23, 583.88
1638676255, 27, 1353, 1362, 1135, 237, 4.11%, 0, 14, 23, 581.74
1638676261, 27, 1353, 1363, 1136, 237, 4.11%, 0, 14, 23, 585.60
1638676271, 27, 1353, 1364, 1137, 237, 4.11%, 0, 14, 23, 602.73
1638676281, 27, 1353, 1366, 1139, 237, 4.11%, 0, 14, 23, 598.26
1638676307, 27, 1355, 1366, 1138, 238, 4.11%, 0, 14, 23, 593.26
1638676348, 27, 1356, 1368, 1139, 237, 4.12%, 0, 14, 23, 612.57
1638676383, 27, 1367, 1368, 1138, 238, 4.12%, 0, 14, 23, 600.02
1638676398, 27, 1367, 1370, 1140, 238, 4.12%, 0, 14, 23, 606.56
1638676455, 27, 1369, 1370, 1139, 238, 4.12%, 0, 14, 23, 611.92
1638676490, 28, 1349, 1372, 1140, 237, 4.12%, 0, 14, 23, 582.11
1638676546, 28, 1357, 1373, 1140, 236, 4.12%, 0, 14, 23, 612.80
1638676557, 28, 1357, 1374, 1141, 236, 4.12%, 0, 14, 23, 616.39
1638676613, 28, 1372, 1375, 1141, 237, 4.12%, 0, 14, 23, 602.26
1638676623, 28, 1372, 1376, 1142, 237, 4.12%, 0, 14, 23, 587.52
1638676679, 28, 1374, 1377, 1142, 237, 4.12%, 0, 14, 23, 610.64
1638676715, 28, 1376, 1378, 1142, 237, 4.12%, 0, 14, 23, 616.70
1638676725, 28, 1376, 1379, 1143, 237, 4.12%, 0, 14, 23, 617.10
1638676750, 28, 1376, 1381, 1145, 237, 4.13%, 0, 14, 23, 596.72
1638676781, 28, 1377, 1384, 1147, 237, 4.13%, 0, 14, 23, 616.19
1638676791, 28, 1377, 1386, 1149, 237, 4.13%, 0, 14, 23, 611.26
1638676842, 28, 1381, 1386, 1148, 238, 4.13%, 0, 14, 23, 613.59
1638676847, 28, 1381, 1388, 1150, 238, 4.14%, 0, 14, 23, 611.41
1638676862, 28, 1381, 1389, 1151, 238, 4.14%, 0, 14, 23, 595.34
1638676908, 29, 1380, 1389, 1150, 239, 4.14%, 0, 14, 23, 617.56
1638676923, 29, 1380, 1391, 1152, 239, 4.14%, 0, 14, 23, 584.88
1638676949, 29, 1380, 1394, 1155, 239, 4.14%, 0, 14, 23, 606.81
1638676964, 29, 1380, 1395, 1156, 239, 4.14%, 0, 14, 23, 600.61
1638676969, 29, 1380, 1396, 1157, 239, 4.14%, 0, 14, 23, 605.28
1638676974, 29, 1386, 1397, 1157, 239, 4.14%, 0, 14, 23, 598.49
1638676979, 29, 1386, 1398, 1158, 239, 4.14%, 0, 14, 23, 604.32
1638676985, 29, 1386, 1399, 1159, 239, 4.14%, 0, 14, 23, 589.02
1638677041, 29, 1387, 1400, 1159, 240, 4.14%, 0, 14, 23, 615.55
1638677051, 29, 1387, 1401, 1160, 240, 4.14%, 0, 14, 23, 609.24
1638677061, 29, 1387, 1402, 1161, 240, 4.14%, 0, 14, 23, 611.57
1638677102, 30, 1337, 1402, 1160, 239, 4.14%, 0, 14, 23, 567.66
1638677107, 30, 1337, 1403, 1161, 239, 4.14%, 0, 14, 23, 593.37
1638677117, 30, 1337, 1404, 1162, 239, 4.15%, 0, 14, 23, 605.72
1638677132, 30, 1337, 1405, 1163, 239, 4.15%, 0, 14, 23, 605.76
1638677137, 30, 1337, 1406, 1164, 239, 4.15%, 0, 14, 23, 611.47
1638677147, 30, 1404, 1407, 1164, 241, 4.15%, 0, 14, 23, 603.39
1638677188, 31, 1403, 1408, 1164, 241, 4.15%, 0, 14, 23, 601.03
1638677229, 32, 563, 1408, 1163, 241, 4.15%, 0, 14, 23, 601.90
1638677250, 32, 648, 1408, 1162, 240, 4.15%, 0, 14, 23, 518.96
1638677270, 32, 648, 1409, 1163, 240, 4.15%, 0, 14, 23, 465.73
1638677290, 32, 1408, 1409, 1162, 239, 4.15%, 0, 14, 23, 458.95
1638677631, 32, 1408, 1410, 1163, 239, 4.15%, 0, 14, 23, 430.33
1638677637, 32, 1408, 1412, 1165, 239, 4.15%, 0, 14, 23, 465.76
1638677652, 32, 1408, 1413, 1166, 239, 4.15%, 0, 14, 23, 471.41
1638677703, 32, 1410, 1414, 1166, 238, 4.15%, 0, 14, 23, 454.35
1638678023, 32, 1410, 1417, 1169, 238, 4.15%, 0, 14, 23, 463.75
1638678033, 32, 1410, 1418, 1170, 238, 4.15%, 0, 14, 23, 470.57
1638678044, 32, 1410, 1419, 1171, 238, 4.15%, 0, 14, 23, 477.04
1638678090, 33, 784, 1419, 1170, 239, 4.15%, 0, 14, 23, 493.12
1638678105, 33, 797, 1420, 1170, 238, 4.16%, 0, 14, 23, 602.73
1638678120, 33, 797, 1422, 1172, 238, 4.16%, 0, 14, 23, 607.55
1638678201, 33, 1419, 1422, 1171, 240, 4.16%, 0, 14, 23, 597.56
1638678293, 33, 1419, 1423, 1172, 240, 4.16%, 0, 14, 23, 609.57
1638678329, 33, 1420, 1423, 1171, 239, 4.16%, 0, 14, 23, 604.76
1638678441, 33, 1421, 1423, 1170, 238, 4.16%, 0, 14, 23, 612.28
1638678547, 34, 862, 1423, 1169, 237, 4.16%, 0, 14, 23, 509.99
1638678573, 34, 870, 1423, 1168, 236, 4.16%, 0, 14, 23, 517.04
1638678578, 34, 870, 1424, 1169, 236, 4.17%, 0, 14, 23, 523.58
1638678624, 34, 886, 1424, 1168, 236, 4.17%, 0, 14, 23, 518.47
1638678650, 34, 886, 1426, 1170, 236, 4.17%, 0, 14, 23, 522.26
1638678711, 34, 1425, 1428, 1171, 236, 4.18%, 0, 14, 23, 529.64
1638678762, 34, 1427, 1428, 1170, 237, 4.18%, 0, 14, 23, 520.04
1638678818, 35, 1084, 1428, 1169, 236, 4.18%, 0, 14, 23, 526.79
1638678823, 35, 1084, 1429, 1170, 236, 4.18%, 0, 14, 23, 526.19
1638678854, 35, 1084, 1430, 1171, 236, 4.19%, 0, 14, 23, 603.58
1638678859, 35, 1084, 1431, 1172, 236, 4.19%, 0, 14, 23, 608.13
1638678905, 35, 1428, 1432, 1172, 237, 4.24%, 0, 14, 23, 597.30
1638678910, 35, 1428, 1433, 1173, 237, 4.24%, 0, 14, 23, 620.74
1638678935, 35, 1428, 1434, 1174, 237, 4.24%, 0, 14, 23, 616.63
1638678976, 35, 1433, 1438, 1177, 240, 4.24%, 0, 14, 23, 623.19
1638678981, 35, 1433, 1439, 1178, 240, 4.25%, 0, 14, 23, 623.75
1638679001, 35, 1433, 1441, 1180, 240, 4.25%, 0, 14, 23, 612.15
1638679027, 35, 1433, 1442, 1181, 240, 4.25%, 0, 14, 23, 606.32
1638679042, 35, 1438, 1443, 1181, 239, 4.25%, 0, 14, 23, 610.74
1638679047, 35, 1438, 1444, 1182, 239, 4.25%, 0, 14, 23, 611.72
1638679072, 35, 1438, 1445, 1183, 239, 4.25%, 0, 14, 23, 611.95
1638679083, 35, 1438, 1446, 1184, 239, 4.25%, 0, 14, 23, 584.42
1638679103, 35, 1438, 1447, 1185, 239, 4.26%, 0, 14, 23, 610.88
1638679108, 35, 1446, 1447, 1184, 241, 4.26%, 0, 14, 23, 611.92
1638679113, 35, 1446, 1448, 1185, 241, 4.26%, 0, 14, 23, 605.84
1638679154, 35, 1447, 1449, 1185, 241, 4.26%, 0, 14, 23, 585.28
1638679159, 35, 1447, 1451, 1187, 241, 4.26%, 0, 14, 23, 586.90
1638679185, 35, 1447, 1452, 1188, 241, 4.26%, 0, 14, 23, 592.73
1638679195, 35, 1447, 1454, 1190, 241, 4.26%, 0, 14, 23, 596.83
1638679205, 35, 1447, 1455, 1191, 241, 4.26%, 0, 14, 23, 592.92
1638679226, 35, 1449, 1456, 1191, 242, 4.26%, 0, 14, 23, 617.69
1638679231, 35, 1449, 1457, 1192, 242, 4.26%, 0, 14, 23, 623.93
1638679251, 35, 1449, 1458, 1193, 242, 4.27%, 0, 14, 23, 622.60
1638679256, 35, 1449, 1459, 1194, 242, 4.27%, 0, 14, 23, 623.17
1638679261, 35, 1449, 1460, 1195, 242, 4.27%, 0, 14, 23, 625.65
1638679286, 35, 1449, 1461, 1196, 242, 4.27%, 0, 14, 23, 615.33
1638679291, 35, 1456, 1461, 1195, 243, 4.27%, 0, 14, 23, 610.90
1638679327, 35, 1456, 1462, 1196, 243, 4.27%, 0, 14, 23, 607.76
1638679332, 35, 1456, 1463, 1197, 243, 4.27%, 0, 14, 23, 612.37
1638679373, 35, 1461, 1464, 1197, 243, 4.27%, 0, 14, 23, 615.58
1638679383, 35, 1461, 1465, 1198, 243, 4.27%, 0, 14, 23, 592.40
1638679398, 35, 1461, 1466, 1199, 243, 4.27%, 0, 14, 23, 626.46
1638679434, 36, 1151, 1467, 1199, 244, 4.27%, 0, 14, 23, 599.26
1638679490, 36, 1202, 1469, 1200, 243, 4.28%, 0, 14, 23, 627.67
1638679520, 36, 1468, 1469, 1199, 244, 4.28%, 0, 14, 23, 612.39
1638679525, 36, 1468, 1470, 1200, 244, 4.28%, 0, 14, 23, 616.80
1638679576, 37, 1237, 1470, 1199, 243, 4.28%, 0, 14, 23, 592.39
1638679587, 37, 1237, 1471, 1200, 243, 4.28%, 0, 14, 23, 601.13
1638679643, 37, 1239, 1471, 1199, 242, 4.28%, 0, 14, 23, 605.66
1638679678, 37, 1270, 1472, 1199, 241, 4.29%, 0, 14, 23, 602.67
1638679908, 37, 1270, 1473, 1200, 241, 4.29%, 0, 14, 23, 585.03
1638679913, 37, 1270, 1474, 1201, 241, 4.29%, 0, 14, 23, 588.92
1638679964, 37, 1279, 1474, 1200, 241, 4.29%, 0, 14, 23, 597.83
1638680199, 37, 1279, 1475, 1201, 241, 4.34%, 0, 14, 23, 604.08
1638680240, 37, 1474, 1475, 1200, 241, 4.34%, 0, 14, 23, 604.73
1638680245, 37, 1474, 1484, 1209, 241, 4.35%, 0, 14, 23, 604.07
1638680280, 37, 1474, 1485, 1210, 241, 4.37%, 0, 14, 23, 575.44
1638680494, 37, 1475, 1485, 1209, 248, 4.37%, 0, 14, 23, 602.52
1638680499, 37, 1475, 1486, 1210, 248, 4.37%, 0, 14, 23, 612.09
1638680743, 37, 1476, 1487, 1210, 248, 4.37%, 0, 14, 23, 616.06
1638681019, 37, 1484, 1488, 1210, 248, 4.37%, 0, 14, 23, 217.49
1638681054, 37, 1485, 1488, 1209, 248, 4.37%, 0, 14, 23, 38.61
1638681074, 37, 1486, 1488, 1208, 247, 4.37%, 0, 14, 23, 36.60
1638681090, 38, 1477, 1488, 1207, 246, 4.37%, 0, 14, 23, 5.13
1638681110, 38, 1485, 1488, 1206, 245, 4.37%, 0, 14, 23, 35.48
1638681115, 38, 1486, 1488, 1206, 245, 4.37%, 0, 14, 23, 35.44
1638681125, 39, 1477, 1488, 1206, 245, 4.37%, 0, 14, 23, 40.16
1638681131, 39, 1485, 1488, 1206, 245, 4.37%, 0, 14, 23, 37.64
1638681141, 39, 1486, 1488, 1206, 245, 4.37%, 0, 14, 23, 36.73
1638681146, 40, 1477, 1488, 1206, 245, 4.37%, 0, 14, 23, 37.35
1638681156, 40, 1485, 1488, 1206, 245, 4.37%, 0, 14, 23, 36.42
1638681161, 40, 1486, 1488, 1206, 245, 4.37%, 0, 14, 23, 36.74
1638681167, 41, 1477, 1488, 1206, 245, 4.37%, 0, 14, 23, 2.17
1638681177, 41, 1485, 1488, 1206, 245, 4.37%, 0, 14, 23, 36.12
1638681182, 41, 1486, 1488, 1206, 245, 4.37%, 0, 14, 23, 36.33
1638681192, 42, 1477, 1488, 1206, 245, 4.37%, 0, 14, 23, 17.40
1638681203, 42, 1485, 1488, 1206, 245, 4.37%, 0, 14, 23, 26.67
