# unix_time, cycles_done, cur_path, paths_total, pending_total, pending_favs, map_size, unique_crashes, unique_hangs, max_depth, execs_per_sec
1638744559, 0, 0, 1, 1, 1, 0.70%, 0, 0, 1, 333.33
1638744565, 0, 0, 88, 88, 1, 1.23%, 0, 0, 2, 573.06
1638744570, 0, 0, 100, 100, 1, 1.28%, 0, 0, 2, 626.89
1638744575, 0, 0, 114, 114, 1, 1.35%, 0, 0, 2, 635.17
1638744580, 0, 0, 123, 123, 1, 1.41%, 0, 0, 2, 644.46
1638744585, 0, 0, 128, 128, 1, 1.42%, 0, 0, 2, 630.15
1638744590, 0, 0, 130, 130, 1, 1.43%, 0, 0, 2, 638.39
1638744595, 0, 0, 131, 131, 1, 1.43%, 0, 0, 2, 636.29
1638744601, 0, 0, 132, 132, 1, 1.47%, 0, 0, 2, 631.90
1638744606, 0, 0, 134, 134, 1, 1.47%, 0, 0, 2, 614.47
1638744616, 0, 91, 142, 141, 62, 1.52%, 0, 0, 3, 640.87
1638744621, 0, 105, 162, 160, 66, 1.56%, 0, 0, 3, 639.19
1638744626, 0, 105, 165, 163, 66, 1.57%, 0, 0, 3, 637.34
1638744631, 0, 105, 167, 165, 66, 1.58%, 0, 0, 3, 626.92
1638744636, 0, 105, 170, 168, 66, 1.58%, 0, 0, 3, 635.91
1638744642, 0, 105, 176, 174, 66, 1.62%, 0, 0, 3, 636.31
1638744647, 0, 105, 177, 175, 66, 1.62%, 0, 0, 3, 621.34
1638744652, 0, 105, 178, 176, 66, 1.62%, 0, 0, 3, 620.77
1638744657, 0, 105, 179, 177, 66, 1.62%, 0, 0, 3, 631.79
1638744662, 0, 112, 191, 188, 74, 1.68%, 0, 0, 3, 608.63
1638744667, 0, 112, 192, 189, 74, 1.68%, 0, 0, 3, 632.57
1638744672, 0, 112, 193, 190, 74, 1.68%, 0, 0, 3, 638.83
1638744683, 0, 112, 194, 191, 74, 1.68%, 0, 0, 3, 638.30
1638744708, 0, 112, 195, 192, 74, 1.68%, 0, 0, 3, 636.21
1638744713, 0, 131, 201, 196, 81, 1.72%, 0, 0, 3, 631.35
1638744719, 0, 131, 209, 204, 81, 1.74%, 0, 0, 3, 628.60
1638744724, 0, 131, 211, 206, 81, 1.74%, 0, 0, 3, 616.14
1638744729, 0, 131, 213, 208, 81, 1.74%, 0, 0, 3, 637.05
1638744744, 0, 131, 214, 209, 81, 1.74%, 0, 0, 3, 634.40
1638744754, 0, 131, 215, 210, 81, 1.74%, 0, 0, 3, 632.57
1638744770, 0, 134, 220, 214, 83, 1.75%, 0, 0, 3, 636.26
1638744775, 0, 134, 222, 216, 83, 1.76%, 0, 0, 3, 627.95
1638744785, 0, 137, 236, 229, 86, 1.82%, 0, 0, 4, 615.32
1638744790, 0, 137, 240, 233, 86, 1.84%, 0, 0, 4, 631.36
1638744795, 0, 137, 241, 234, 86, 1.85%, 0, 0, 4, 639.51
1638744800, 0, 137, 242, 235, 86, 1.87%, 0, 0, 4, 643.20
1638744805, 0, 137, 243, 236, 86, 1.87%, 0, 0, 4, 641.37
1638744811, 0, 137, 245, 238, 86, 1.88%, 0, 0, 4, 625.02
1638744816, 0, 137, 246, 239, 86, 1.88%, 0, 0, 4, 633.21
1638744821, 0, 137, 248, 241, 86, 1.88%, 0, 0, 4, 638.14
1638744836, 0, 163, 257, 249, 99, 1.91%, 0, 0, 4, 622.93
1638744841, 0, 163, 261, 253, 99, 1.91%, 0, 0, 4, 582.59
1638744851, 0, 163, 262, 254, 99, 1.91%, 0, 0, 4, 623.07
1638744856, 0, 163, 263, 255, 99, 1.92%, 0, 0, 4, 625.23
1638744862, 0, 163, 265, 257, 99, 1.92%, 0, 0, 4, 628.75
1638744867, 0, 163, 266, 258, 99, 1.92%, 0, 0, 4, 629.71
1638744877, 0, 171, 275, 266, 103, 1.93%, 0, 0, 4, 633.27
1638744882, 0, 171, 278, 269, 103, 1.93%, 0, 0, 4, 640.57
1638744887, 0, 171, 279, 270, 103, 1.93%, 0, 0, 4, 633.51
1638744902, 0, 171, 280, 271, 103, 1.93%, 0, 0, 4, 609.41
1638744933, 0, 175, 284, 274, 110, 1.98%, 0, 0, 4, 627.47
1638744938, 0, 180, 289, 278, 111, 1.98%, 0, 0, 4, 643.01
1638744949, 0, 180, 290, 279, 111, 1.98%, 0, 0, 4, 635.80
1638744954, 0, 180, 291, 280, 111, 1.98%, 0, 0, 4, 635.34
1638744964, 0, 180, 292, 281, 111, 1.98%, 0, 0, 4, 608.34
1638744974, 0, 195, 302, 290, 111, 2.04%, 0, 0, 4, 642.12
1638744979, 0, 195, 311, 299, 111, 2.04%, 0, 0, 4, 647.75
1638744984, 0, 195, 312, 300, 111, 2.04%, 0, 0, 4, 639.89
1638744990, 0, 195, 313, 301, 111, 2.04%, 0, 0, 4, 647.28
1638744995, 0, 195, 314, 302, 111, 2.04%, 0, 0, 4, 635.35
1638745005, 0, 195, 315, 303, 111, 2.04%, 0, 0, 4, 635.51
1638745015, 0, 195, 316, 304, 111, 2.04%, 0, 0, 4, 628.59
1638745031, 0, 217, 320, 306, 118, 2.08%, 0, 0, 4, 633.72
1638745041, 0, 217, 322, 308, 118, 2.09%, 0, 0, 4, 637.51
1638745046, 0, 218, 332, 317, 120, 2.12%, 0, 0, 4, 634.79
1638745056, 0, 239, 336, 320, 127, 2.16%, 0, 0, 5, 632.47
1638745062, 0, 239, 337, 321, 127, 2.16%, 0, 0, 5, 633.23
1638745082, 0, 241, 361, 344, 128, 2.30%, 0, 0, 5, 601.77
1638745087, 0, 241, 363, 346, 128, 2.34%, 0, 0, 5, 623.44
1638745092, 0, 241, 364, 347, 128, 2.34%, 0, 0, 5, 636.22
1638745098, 0, 241, 366, 349, 128, 2.35%, 0, 0, 5, 634.48
1638745103, 0, 241, 368, 351, 128, 2.35%, 0, 0, 5, 634.38
1638745113, 0, 241, 369, 352, 128, 2.35%, 0, 0, 5, 623.62
1638745138, 0, 252, 382, 364, 138, 2.40%, 0, 0, 5, 621.44
1638745148, 0, 262, 389, 370, 146, 2.42%, 0, 0, 5, 615.45
1638745153, 0, 262, 391, 372, 146, 2.42%, 0, 0, 5, 608.54
1638745163, 0, 262, 392, 373, 146, 2.42%, 0, 0, 5, 618.43
1638745174, 0, 262, 393, 374, 146, 2.42%, 0, 0, 5, 604.06
1638745189, 0, 268, 393, 373, 145, 2.42%, 0, 0, 5, 622.04
1638745199, 0, 280, 410, 389, 144, 2.47%, 0, 0, 5, 625.53
1638745204, 0, 280, 412, 391, 144, 2.47%, 0, 0, 5, 602.10
1638745209, 0, 280, 414, 393, 144, 2.48%, 0, 0, 5, 621.32
1638745240, 0, 280, 415, 394, 144, 2.48%, 0, 0, 5, 634.74
1638745250, 0, 280, 416, 395, 144, 2.48%, 0, 0, 5, 632.40
1638745255, 0, 292, 417, 395, 155, 2.49%, 0, 0, 5, 634.10
1638745260, 0, 316, 428, 405, 155, 2.60%, 0, 0, 5, 632.40
1638745265, 0, 316, 429, 406, 155, 2.60%, 0, 0, 5, 612.87
1638745270, 0, 316, 430, 407, 155, 2.60%, 0, 0, 5, 633.54
1638745281, 0, 316, 431, 408, 155, 2.60%, 0, 0, 5, 643.28
1638745286, 0, 316, 432, 409, 155, 2.60%, 0, 0, 5, 630.92
1638745291, 0, 316, 434, 411, 155, 2.60%, 0, 0, 5, 631.94
1638745301, 0, 316, 435, 412, 155, 2.60%, 0, 0, 5, 637.20
1638745312, 0, 319, 435, 411, 163, 2.60%, 0, 0, 5, 626.34
1638745322, 0, 320, 438, 413, 162, 2.60%, 0, 0, 5, 605.34
1638745327, 0, 320, 440, 415, 162, 2.61%, 0, 0, 5, 621.55
1638745342, 0, 324, 446, 420, 160, 2.61%, 0, 0, 5, 635.66
1638745352, 0, 325, 448, 421, 162, 2.61%, 0, 0, 5, 627.98
1638745363, 0, 364, 457, 429, 163, 2.71%, 0, 0, 6, 632.39
1638745368, 0, 365, 457, 428, 166, 2.71%, 0, 0, 6, 636.85
1638745373, 0, 365, 460, 431, 166, 2.72%, 0, 0, 6, 637.46
1638745383, 0, 377, 460, 430, 168, 2.72%, 0, 0, 6, 597.55
1638745388, 0, 377, 465, 435, 168, 2.72%, 0, 0, 6, 617.35
1638745424, 0, 378, 465, 434, 168, 2.72%, 0, 0, 6, 602.07
1638745434, 0, 415, 469, 437, 167, 2.74%, 0, 0, 6, 621.69
1638745459, 0, 417, 500, 467, 168, 2.94%, 0, 0, 6, 640.87
1638745464, 0, 417, 505, 472, 168, 2.94%, 0, 0, 6, 632.95
1638745469, 0, 417, 509, 476, 168, 2.94%, 0, 0, 6, 631.30
1638745474, 0, 417, 510, 477, 168, 2.94%, 0, 0, 6, 627.27
1638745479, 0, 417, 513, 480, 168, 2.94%, 0, 0, 6, 640.71
1638745495, 0, 417, 515, 482, 168, 2.94%, 0, 0, 6, 631.50
1638745500, 0, 417, 516, 483, 168, 2.94%, 0, 0, 6, 632.48
1638745510, 0, 436, 519, 485, 184, 2.94%, 0, 0, 6, 631.34
1638745515, 0, 436, 526, 492, 184, 2.96%, 0, 0, 6, 626.45
1638745520, 0, 442, 526, 491, 188, 2.96%, 0, 0, 6, 633.69
1638745526, 0, 442, 528, 493, 188, 2.96%, 0, 0, 6, 635.28
1638745531, 0, 450, 528, 492, 188, 2.96%, 0, 0, 6, 636.75
1638745536, 0, 450, 529, 493, 188, 2.96%, 0, 0, 7, 627.97
1638745541, 0, 451, 548, 511, 188, 3.01%, 0, 0, 7, 623.85
1638745546, 0, 451, 556, 519, 188, 3.01%, 0, 0, 7, 628.66
1638745551, 0, 451, 558, 521, 188, 3.04%, 0, 0, 7, 632.46
1638745556, 0, 451, 559, 522, 188, 3.04%, 0, 0, 7, 631.66
1638745571, 0, 451, 561, 524, 188, 3.04%, 0, 0, 7, 630.39
1638745577, 0, 451, 562, 525, 188, 3.04%, 0, 0, 7, 634.11
1638745582, 0, 451, 563, 526, 188, 3.04%, 0, 0, 7, 629.88
1638745592, 0, 451, 564, 527, 188, 3.04%, 0, 0, 7, 624.89
1638745597, 0, 459, 564, 526, 201, 3.04%, 0, 0, 7, 636.49
1638745607, 0, 465, 571, 532, 200, 3.07%, 0, 0, 7, 624.87
1638745612, 0, 517, 573, 533, 206, 3.08%, 0, 0, 7, 631.01
1638745623, 0, 557, 582, 541, 206, 3.11%, 0, 0, 8, 602.27
1638745628, 0, 557, 584, 543, 206, 3.11%, 0, 0, 8, 618.93
1638745638, 0, 561, 594, 552, 210, 3.11%, 0, 0, 8, 637.31
1638745643, 0, 561, 600, 558, 210, 3.12%, 0, 0, 8, 638.33
1638745648, 0, 561, 604, 562, 210, 3.12%, 0, 0, 8, 632.36
1638745653, 0, 561, 608, 566, 210, 3.12%, 0, 0, 8, 622.57
1638745668, 0, 561, 610, 568, 210, 3.12%, 0, 0, 8, 635.78
1638745684, 0, 561, 611, 569, 210, 3.12%, 0, 0, 8, 605.35
1638745699, 0, 571, 614, 571, 218, 3.13%, 0, 0, 8, 634.11
1638745704, 0, 571, 615, 572, 218, 3.13%, 0, 0, 8, 630.83
1638745709, 0, 571, 616, 573, 218, 3.13%, 0, 0, 8, 632.54
1638745719, 0, 572, 617, 573, 221, 3.13%, 0, 0, 8, 634.51
1638745725, 0, 572, 618, 574, 221, 3.13%, 0, 0, 8, 626.52
1638745730, 0, 574, 619, 574, 221, 3.14%, 0, 0, 9, 636.46
1638745735, 0, 574, 622, 577, 221, 3.14%, 0, 0, 9, 630.08
1638745745, 0, 574, 624, 579, 221, 3.15%, 0, 0, 9, 603.55
1638745770, 0, 601, 632, 586, 222, 3.16%, 0, 0, 9, 631.88
1638745776, 0, 601, 636, 590, 222, 3.16%, 0, 0, 9, 634.64
1638745781, 0, 601, 637, 591, 222, 3.16%, 0, 0, 9, 637.10
1638745786, 0, 601, 638, 592, 222, 3.16%, 0, 0, 9, 618.00
1638745791, 0, 601, 640, 594, 222, 3.16%, 0, 0, 9, 618.61
1638745801, 0, 601, 642, 596, 222, 3.17%, 0, 0, 9, 597.01
1638745807, 0, 601, 643, 597, 222, 3.17%, 0, 0, 9, 599.71
1638745817, 0, 611, 646, 599, 225, 3.17%, 0, 0, 9, 637.32
1638745822, 0, 611, 650, 603, 225, 3.17%, 0, 0, 9, 638.70
1638745827, 0, 611, 651, 604, 225, 3.17%, 0, 0, 9, 641.80
1638745858, 0, 612, 653, 605, 226, 3.17%, 0, 0, 9, 630.52
1638745863, 0, 612, 654, 606, 226, 3.18%, 0, 0, 9, 609.35
1638745868, 0, 612, 656, 608, 226, 3.18%, 0, 0, 9, 628.07
1638745873, 0, 612, 657, 609, 226, 3.18%, 0, 0, 9, 633.44
1638745878, 0, 612, 660, 612, 226, 3.19%, 0, 0, 9, 635.68
1638745904, 0, 616, 661, 612, 230, 3.19%, 0, 0, 9, 607.73
1638745919, 0, 623, 680, 630, 230, 3.24%, 0, 0, 10, 621.50
1638745924, 0, 623, 685, 635, 230, 3.24%, 0, 0, 10, 601.13
1638745929, 0, 623, 691, 641, 230, 3.24%, 0, 0, 10, 629.02
1638745935, 0, 623, 693, 643, 230, 3.24%, 0, 0, 10, 638.60
1638745940, 0, 623, 694, 644, 230, 3.24%, 0, 0, 10, 641.40
1638745950, 0, 623, 697, 647, 230, 3.24%, 0, 0, 10, 637.18
1638745955, 0, 623, 699, 649, 230, 3.24%, 0, 0, 10, 634.37
1638745965, 0, 641, 706, 655, 234, 3.24%, 0, 0, 10, 627.15
1638745976, 0, 660, 706, 654, 235, 3.24%, 0, 0, 10, 631.30
1638745991, 1, 164, 716, 663, 234, 3.24%, 0, 0, 10, 626.72
1638745996, 1, 164, 719, 666, 234, 3.24%, 0, 0, 10, 622.11
1638746001, 1, 164, 721, 668, 234, 3.25%, 0, 0, 10, 626.80
1638746006, 1, 164, 724, 671, 234, 3.25%, 0, 0, 10, 627.72
1638746016, 1, 164, 728, 675, 234, 3.25%, 0, 0, 10, 620.60
1638746026, 1, 164, 729, 676, 234, 3.25%, 0, 0, 10, 627.32
1638746031, 1, 720, 744, 690, 236, 3.30%, 0, 0, 10, 620.65
1638746036, 1, 720, 746, 692, 236, 3.30%, 0, 0, 10, 622.21
1638746041, 1, 720, 748, 694, 236, 3.30%, 0, 0, 10, 594.12
1638746046, 1, 720, 750, 696, 236, 3.30%, 0, 0, 10, 613.86
1638746056, 1, 720, 751, 697, 236, 3.30%, 0, 0, 10, 629.77
1638746062, 1, 720, 753, 699, 236, 3.30%, 0, 0, 10, 624.14
1638746067, 1, 720, 755, 701, 236, 3.30%, 0, 0, 10, 625.93
1638746072, 1, 740, 761, 706, 247, 3.32%, 0, 0, 10, 623.38
1638746077, 1, 740, 763, 708, 247, 3.32%, 0, 0, 10, 628.12
1638746082, 1, 740, 766, 711, 247, 3.32%, 0, 0, 10, 622.87
1638746087, 1, 740, 767, 712, 247, 3.32%, 0, 0, 10, 619.40
1638746097, 1, 740, 768, 713, 247, 3.32%, 0, 0, 10, 622.65
1638746102, 1, 740, 770, 715, 247, 3.32%, 0, 0, 10, 593.49
1638746107, 1, 740, 772, 717, 247, 3.32%, 0, 0, 10, 594.67
1638746112, 1, 741, 775, 719, 250, 3.33%, 0, 0, 10, 613.58
1638746117, 1, 741, 776, 720, 250, 3.33%, 0, 0, 10, 627.64
1638746127, 1, 741, 777, 721, 250, 3.33%, 0, 0, 10, 627.25
1638746142, 1, 741, 778, 722, 250, 3.33%, 0, 0, 10, 628.37
1638746152, 1, 750, 782, 725, 252, 3.33%, 0, 0, 10, 613.59
1638746157, 1, 750, 786, 729, 252, 3.34%, 0, 0, 10, 618.82
1638746162, 1, 750, 788, 731, 252, 3.34%, 0, 0, 10, 594.13
1638746173, 1, 750, 790, 733, 252, 3.34%, 0, 0, 10, 623.31
1638746178, 1, 750, 792, 735, 252, 3.34%, 0, 0, 10, 619.09
1638746188, 1, 750, 793, 736, 252, 3.34%, 0, 0, 10, 624.87
1638746193, 1, 760, 793, 735, 254, 3.34%, 0, 0, 10, 615.61
1638746198, 1, 760, 795, 737, 254, 3.34%, 0, 0, 10, 619.54
1638746238, 2, 333, 804, 745, 253, 3.39%, 0, 0, 10, 634.28
1638746243, 2, 333, 806, 747, 253, 3.39%, 0, 0, 10, 622.85
1638746248, 2, 333, 809, 750, 253, 3.39%, 0, 0, 10, 624.77
1638746258, 2, 333, 810, 751, 253, 3.39%, 0, 0, 10, 633.65
1638746269, 2, 333, 811, 752, 253, 3.39%, 0, 0, 10, 629.86
1638746274, 2, 796, 813, 753, 254, 3.40%, 0, 0, 10, 606.58
1638746279, 2, 796, 814, 754, 254, 3.40%, 0, 0, 10, 623.10
1638746294, 2, 812, 815, 754, 254, 3.40%, 0, 0, 10, 633.60
1638746299, 2, 812, 816, 755, 254, 3.40%, 0, 0, 10, 638.45
1638746304, 2, 812, 817, 756, 254, 3.40%, 0, 0, 10, 630.30
1638746309, 2, 812, 818, 757, 254, 3.40%, 0, 0, 10, 634.88
1638746315, 2, 812, 819, 758, 254, 3.40%, 0, 0, 10, 621.74
1638746320, 2, 812, 820, 759, 254, 3.40%, 0, 0, 10, 635.10
1638746325, 2, 812, 821, 760, 254, 3.40%, 0, 0, 10, 623.76
1638746330, 2, 812, 823, 762, 254, 3.40%, 0, 0, 10, 633.55
1638746335, 3, 335, 824, 762, 252, 3.40%, 0, 0, 10, 620.32
1638746340, 3, 443, 824, 761, 251, 3.40%, 0, 0, 10, 623.88
1638746345, 3, 443, 825, 762, 251, 3.40%, 0, 0, 10, 614.35
1638746355, 3, 570, 828, 764, 250, 3.40%, 0, 0, 10, 635.22
1638746360, 3, 570, 829, 765, 250, 3.41%, 0, 0, 10, 624.44
1638746407, 3, 610, 834, 769, 251, 3.41%, 0, 3, 10, 74.02
1638746412, 3, 610, 842, 777, 251, 3.45%, 0, 4, 10, 636.20
1638746417, 3, 610, 851, 786, 251, 3.45%, 0, 4, 10, 632.14
1638746423, 3, 610, 856, 791, 251, 3.45%, 0, 4, 10, 631.19
1638746428, 3, 610, 859, 794, 251, 3.45%, 0, 4, 10, 626.90
1638746433, 3, 610, 860, 795, 251, 3.45%, 0, 4, 10, 607.09
1638746438, 3, 610, 862, 797, 251, 3.45%, 0, 4, 10, 620.13
1638746453, 3, 653, 863, 797, 253, 3.45%, 0, 4, 10, 613.26
1638746458, 3, 653, 864, 798, 253, 3.45%, 0, 4, 10, 624.56
1638746463, 3, 653, 866, 800, 253, 3.45%, 0, 4, 10, 595.36
1638746484, 3, 865, 875, 808, 254, 3.47%, 0, 4, 11, 626.06
1638746489, 3, 865, 876, 809, 254, 3.47%, 0, 4, 11, 634.92
1638746499, 3, 865, 878, 811, 254, 3.47%, 0, 4, 11, 629.56
1638746504, 3, 865, 880, 813, 254, 3.47%, 0, 4, 11, 616.42
1638746509, 3, 865, 881, 814, 254, 3.47%, 0, 4, 11, 631.61
1638746519, 3, 865, 882, 815, 254, 3.48%, 0, 4, 11, 614.82
1638746540, 3, 881, 886, 818, 257, 3.49%, 0, 4, 12, 628.18
1638746560, 3, 885, 887, 818, 259, 3.50%, 0, 4, 13, 635.23
1638746585, 3, 886, 890, 820, 259, 3.51%, 0, 4, 14, 603.90
1638746590, 3, 886, 893, 823, 259, 3.51%, 0, 4, 14, 616.32
1638746600, 3, 886, 894, 824, 259, 3.51%, 0, 4, 14, 629.26
1638746605, 3, 886, 896, 826, 259, 3.51%, 0, 4, 14, 630.06
1638746611, 3, 886, 897, 827, 259, 3.51%, 0, 4, 14, 620.63
1638746621, 3, 886, 898, 828, 259, 3.51%, 0, 4, 14, 623.44
1638746626, 3, 886, 899, 829, 259, 3.52%, 0, 4, 14, 615.77
1638746641, 3, 889, 900, 829, 263, 3.52%, 0, 4, 15, 599.29
1638746672, 3, 892, 901, 829, 263, 3.53%, 0, 4, 15, 621.03
1638746687, 3, 892, 902, 830, 263, 3.54%, 0, 4, 15, 623.50
1638746712, 3, 898, 907, 834, 261, 3.54%, 0, 4, 15, 626.95
1638746717, 3, 898, 908, 835, 261, 3.54%, 0, 4, 15, 629.83
1638746727, 3, 898, 911, 838, 261, 3.54%, 0, 4, 15, 621.81
1638746732, 3, 898, 912, 839, 261, 3.54%, 0, 4, 15, 619.79
1638746737, 3, 898, 913, 840, 261, 3.54%, 0, 4, 15, 631.41
1638746742, 3, 898, 915, 842, 261, 3.54%, 0, 4, 15, 627.24
1638746783, 3, 899, 916, 842, 259, 3.54%, 0, 4, 16, 634.49
1638746798, 3, 899, 921, 847, 259, 3.54%, 0, 4, 16, 628.93
1638746803, 3, 899, 922, 848, 259, 3.54%, 0, 4, 16, 620.27
1638746823, 3, 899, 923, 849, 259, 3.54%, 0, 4, 16, 598.00
1638746839, 3, 899, 924, 850, 259, 3.54%, 0, 4, 16, 625.24
1638746844, 3, 899, 925, 851, 259, 3.54%, 0, 4, 16, 625.27
1638746849, 3, 913, 925, 850, 259, 3.54%, 0, 4, 16, 631.22
1638746879, 4, 827, 925, 849, 258, 3.54%, 0, 4, 16, 620.90
1638746889, 4, 828, 925, 848, 257, 3.54%, 0, 4, 16, 619.31
1638746894, 4, 828, 926, 849, 257, 3.54%, 0, 4, 16, 628.25
1638746904, 4, 828, 927, 850, 257, 3.56%, 0, 4, 16, 616.97
1638746909, 4, 828, 928, 851, 257, 3.56%, 0, 4, 16, 610.87
1638746919, 4, 828, 929, 852, 257, 3.56%, 0, 4, 16, 619.12
1638746934, 4, 872, 931, 853, 257, 3.57%, 0, 4, 16, 612.49
1638746950, 4, 872, 932, 854, 257, 3.57%, 0, 4, 16, 618.86
1638746970, 4, 901, 935, 856, 257, 3.67%, 0, 4, 16, 627.11
1638746975, 4, 901, 936, 857, 257, 3.67%, 0, 4, 16, 620.62
1638746980, 4, 901, 938, 859, 257, 3.67%, 0, 4, 16, 625.29
1638746985, 4, 901, 940, 861, 257, 3.67%, 0, 4, 16, 620.00
1638747021, 4, 901, 941, 862, 257, 3.67%, 0, 4, 16, 625.64
1638747036, 4, 926, 946, 866, 257, 3.70%, 0, 4, 16, 626.39
1638747041, 4, 926, 947, 867, 257, 3.70%, 0, 4, 16, 622.91
1638747072, 4, 926, 948, 868, 257, 3.70%, 0, 4, 16, 625.20
1638747077, 4, 947, 951, 870, 258, 3.71%, 0, 4, 16, 632.23
1638747102, 4, 947, 952, 871, 258, 3.72%, 0, 4, 16, 626.83
1638747133, 4, 951, 956, 874, 260, 3.74%, 0, 4, 16, 624.79
1638747138, 4, 951, 958, 876, 260, 3.78%, 0, 4, 16, 631.62
1638747143, 4, 951, 959, 877, 260, 3.78%, 0, 4, 16, 635.58
1638747178, 4, 952, 961, 878, 265, 3.79%, 0, 4, 16, 624.61
1638747204, 4, 952, 962, 879, 265, 3.80%, 0, 4, 16, 628.84
1638747219, 4, 953, 965, 881, 266, 3.80%, 0, 4, 16, 641.32
1638747224, 4, 953, 968, 884, 266, 3.81%, 0, 4, 16, 624.10
1638747240, 4, 953, 969, 885, 266, 3.81%, 0, 4, 16, 637.93
1638747260, 4, 959, 971, 886, 269, 3.82%, 0, 4, 16, 637.20
1638747265, 4, 959, 973, 888, 269, 3.84%, 0, 4, 16, 630.34
1638747306, 4, 961, 981, 895, 271, 3.85%, 0, 4, 16, 617.15
1638747311, 4, 961, 982, 896, 271, 3.85%, 0, 4, 16, 617.80
1638747316, 4, 961, 983, 897, 271, 3.85%, 0, 4, 16, 622.63
1638747321, 4, 961, 984, 898, 271, 3.86%, 0, 4, 16, 629.31
1638747337, 4, 961, 985, 899, 271, 3.86%, 0, 4, 16, 621.70
1638747357, 4, 962, 988, 901, 274, 3.87%, 0, 4, 16, 625.00
1638747377, 4, 963, 988, 900, 275, 3.87%, 0, 4, 16, 638.93
1638747382, 4, 963, 989, 901, 275, 3.87%, 0, 4, 16, 640.68
1638747413, 4, 963, 990, 902, 275, 3.88%, 0, 4, 16, 637.98
1638747423, 4, 969, 991, 902, 275, 3.88%, 0, 4, 16, 600.74
1638747428, 4, 969, 993, 904, 275, 3.89%, 0, 4, 16, 627.97
1638747474, 4, 970, 993, 903, 276, 3.89%, 0, 4, 16, 629.97
1638747479, 4, 970, 995, 905, 276, 3.89%, 0, 4, 16, 634.90
1638747490, 4, 970, 996, 906, 276, 3.90%, 0, 4, 16, 626.54
1638747531, 4, 974, 1000, 909, 276, 3.90%, 0, 4, 16, 630.29
1638747536, 4, 974, 1003, 912, 276, 3.90%, 0, 4, 16, 617.13
1638747541, 4, 974, 1004, 913, 276, 3.90%, 0, 4, 16, 595.64
1638747556, 4, 974, 1006, 915, 276, 3.90%, 0, 4, 16, 627.55
1638747581, 4, 974, 1007, 916, 276, 3.90%, 0, 4, 16, 622.24
1638747586, 4, 989, 1011, 919, 278, 3.91%, 0, 4, 16, 605.30
1638747591, 4, 989, 1013, 921, 278, 3.91%, 0, 4, 16, 615.68
1638747607, 4, 989, 1014, 922, 278, 3.91%, 0, 4, 16, 605.65
1638747612, 4, 989, 1015, 923, 278, 3.91%, 0, 4, 16, 619.66
1638747627, 4, 989, 1016, 924, 278, 3.91%, 0, 4, 16, 615.87
1638747642, 4, 1005, 1025, 932, 279, 3.92%, 0, 4, 16, 635.32
1638747647, 4, 1005, 1031, 938, 279, 3.92%, 0, 4, 16, 633.95
1638747652, 4, 1005, 1033, 940, 279, 3.92%, 0, 4, 16, 631.78
1638747662, 4, 1005, 1034, 941, 279, 3.93%, 0, 4, 16, 606.97
1638747667, 4, 1005, 1036, 943, 279, 3.94%, 0, 4, 16, 624.69
1638747688, 4, 1005, 1037, 944, 279, 3.94%, 0, 4, 16, 634.48
1638747693, 4, 1005, 1038, 945, 279, 3.94%, 0, 4, 16, 622.01
1638747698, 4, 1033, 1042, 948, 283, 3.95%, 0, 4, 17, 629.65
1638747703, 4, 1033, 1045, 951, 283, 3.97%, 0, 4, 17, 625.78
1638747708, 4, 1033, 1046, 952, 283, 3.97%, 0, 4, 17, 629.73
1638747718, 4, 1033, 1047, 953, 283, 3.97%, 0, 4, 17, 628.95
1638747733, 4, 1033, 1048, 954, 283, 3.97%, 0, 4, 17, 628.55
1638747739, 4, 1033, 1049, 955, 283, 3.97%, 0, 4, 17, 631.75
1638747744, 4, 1033, 1051, 957, 283, 3.97%, 0, 4, 17, 630.55
1638747749, 4, 1033, 1052, 958, 283, 3.98%, 0, 4, 17, 636.62
1638747754, 4, 1034, 1053, 958, 285, 3.98%, 0, 4, 17, 629.37
1638747785, 4, 1046, 1065, 969, 284, 4.00%, 0, 4, 18, 599.47
1638747790, 4, 1046, 1067, 971, 284, 4.00%, 0, 4, 18, 612.36
1638747800, 4, 1046, 1068, 972, 284, 4.00%, 0, 4, 18, 627.43
1638747805, 4, 1046, 1069, 973, 284, 4.00%, 0, 4, 18, 614.78
1638747820, 4, 1046, 1070, 974, 284, 4.00%, 0, 4, 18, 620.71
1638747840, 4, 1051, 1078, 981, 286, 4.02%, 0, 4, 18, 608.50
1638747846, 4, 1051, 1079, 982, 286, 4.02%, 0, 4, 18, 598.05
1638747856, 4, 1051, 1080, 983, 286, 4.02%, 0, 4, 18, 613.84
1638747866, 4, 1051, 1081, 984, 286, 4.02%, 0, 4, 18, 620.06
1638747886, 4, 1051, 1082, 985, 286, 4.02%, 0, 4, 18, 616.77
1638747896, 4, 1057, 1085, 987, 290, 4.03%, 0, 4, 19, 622.13
1638747922, 4, 1072, 1095, 996, 294, 4.08%, 0, 4, 19, 627.39
1638747927, 4, 1072, 1098, 999, 294, 4.10%, 0, 4, 19, 627.97
1638747932, 4, 1072, 1100, 1001, 294, 4.12%, 0, 4, 19, 625.58
1638747937, 4, 1072, 1101, 1002, 294, 4.12%, 0, 4, 19, 630.52
1638747942, 4, 1072, 1102, 1003, 294, 4.12%, 0, 4, 19, 630.69
1638747983, 4, 1086, 1105, 1005, 297, 4.13%, 0, 4, 20, 605.66
1638747988, 4, 1086, 1107, 1007, 297, 4.13%, 0, 4, 20, 597.12
1638748038, 4, 1105, 1113, 1012, 298, 4.13%, 0, 4, 21, 625.56
1638748043, 4, 1105, 1115, 1014, 298, 4.13%, 0, 4, 21, 626.66
1638748094, 5, 958, 1117, 1015, 297, 4.13%, 0, 4, 21, 632.87
1638748099, 5, 958, 1118, 1016, 297, 4.13%, 0, 4, 21, 640.44
1638748110, 5, 958, 1119, 1017, 297, 4.13%, 0, 4, 21, 638.78
1638748115, 5, 958, 1120, 1018, 297, 4.14%, 0, 4, 21, 631.55
1638748125, 5, 958, 1121, 1019, 297, 4.14%, 0, 4, 21, 628.35
1638748135, 5, 1115, 1122, 1019, 299, 4.19%, 0, 4, 21, 629.57
1638748155, 5, 1119, 1123, 1019, 299, 4.19%, 0, 4, 21, 623.03
1638748175, 5, 1119, 1124, 1020, 299, 4.19%, 0, 4, 21, 598.47
1638748196, 6, 992, 1124, 1019, 298, 4.19%, 0, 4, 21, 609.65
1638748221, 6, 1080, 1124, 1018, 297, 4.19%, 0, 4, 21, 627.22
1638748429, 6, 1085, 1124, 1017, 296, 4.19%, 0, 4, 21, 620.90
1638748434, 6, 1085, 1125, 1018, 296, 4.19%, 0, 4, 21, 612.33
1638748439, 6, 1085, 1128, 1021, 296, 4.19%, 0, 4, 21, 623.49
1638748485, 6, 1127, 1135, 1027, 296, 4.22%, 0, 4, 21, 611.21
1638748505, 6, 1127, 1136, 1028, 296, 4.22%, 0, 4, 21, 600.98
1638748515, 6, 1127, 1137, 1029, 296, 4.22%, 0, 4, 21, 616.52
1638748535, 6, 1127, 1138, 1030, 296, 4.22%, 0, 4, 21, 609.96
1638748540, 6, 1129, 1142, 1033, 299, 4.23%, 0, 4, 22, 611.55
1638748550, 6, 1129, 1143, 1034, 299, 4.23%, 0, 4, 22, 614.13
1638748591, 6, 1139, 1143, 1033, 299, 4.23%, 0, 4, 22, 610.43
1638748596, 6, 1139, 1144, 1034, 299, 4.23%, 0, 4, 23, 625.10
1638748606, 6, 1139, 1145, 1035, 299, 4.23%, 0, 4, 23, 617.27
1638748611, 6, 1139, 1147, 1037, 299, 4.24%, 0, 4, 23, 624.16
1638748647, 6, 1139, 1148, 1038, 299, 4.24%, 0, 4, 23, 630.56
1638748652, 6, 1144, 1149, 1038, 301, 4.24%, 0, 4, 24, 615.19
1638748657, 6, 1144, 1150, 1039, 301, 4.24%, 0, 4, 24, 632.98
1638748667, 6, 1144, 1151, 1040, 301, 4.24%, 0, 4, 24, 633.94
1638748703, 6, 1144, 1152, 1041, 301, 4.24%, 0, 4, 24, 639.09
1638748734, 6, 1146, 1153, 1041, 302, 4.24%, 0, 4, 24, 632.13
1638748739, 6, 1146, 1154, 1042, 302, 4.24%, 0, 4, 24, 632.89
1638748780, 6, 1146, 1155, 1043, 302, 4.24%, 0, 4, 24, 637.45
1638748785, 6, 1146, 1156, 1044, 302, 4.24%, 0, 4, 24, 618.97
1638748790, 7, 1125, 1158, 1045, 301, 4.25%, 0, 4, 24, 609.95
1638748795, 7, 1125, 1163, 1050, 301, 4.25%, 0, 4, 24, 609.33
1638748851, 7, 1157, 1179, 1065, 300, 4.27%, 0, 4, 24, 621.73
1638748856, 7, 1157, 1179, 1065, 300, 4.27%, 0, 7, 24, 611.17
1638748872, 7, 1157, 1182, 1068, 300, 4.27%, 0, 7, 24, 616.56
1638748877, 7, 1157, 1186, 1072, 300, 4.27%, 0, 7, 24, 597.91
1638748882, 7, 1157, 1187, 1073, 300, 4.27%, 0, 7, 24, 613.53
1638748887, 7, 1157, 1188, 1074, 300, 4.27%, 0, 7, 24, 606.81
1638748897, 7, 1157, 1192, 1078, 300, 4.27%, 0, 7, 24, 601.96
1638748902, 7, 1157, 1196, 1082, 300, 4.27%, 0, 7, 24, 596.89
1638748912, 7, 1157, 1198, 1084, 300, 4.27%, 0, 7, 24, 601.79
1638748917, 7, 1157, 1201, 1087, 300, 4.27%, 0, 7, 24, 610.78
1638748927, 7, 1169, 1203, 1088, 305, 4.27%, 0, 7, 24, 588.48
1638748932, 7, 1169, 1206, 1091, 305, 4.28%, 0, 7, 24, 617.50
1638748953, 7, 1169, 1207, 1092, 305, 4.28%, 0, 7, 24, 607.43
1638748978, 7, 1169, 1209, 1094, 305, 4.28%, 0, 7, 24, 617.22
1638749003, 7, 1170, 1209, 1093, 306, 4.28%, 0, 7, 24, 621.10
1638749009, 7, 1170, 1214, 1098, 306, 4.28%, 0, 9, 24, 20.48
1638749035, 7, 1170, 1217, 1101, 306, 4.28%, 0, 9, 24, 566.91
1638749040, 7, 1170, 1218, 1102, 306, 4.28%, 0, 9, 24, 574.50
1638749050, 7, 1170, 1219, 1103, 306, 4.28%, 0, 9, 24, 578.18
1638749070, 7, 1170, 1221, 1105, 306, 4.28%, 0, 9, 24, 562.77
1638749075, 7, 1170, 1222, 1106, 306, 4.28%, 0, 9, 24, 577.02
1638749085, 7, 1203, 1224, 1107, 306, 4.28%, 0, 9, 24, 574.91
1638749090, 7, 1203, 1225, 1108, 306, 4.28%, 0, 9, 24, 609.96
1638749106, 7, 1203, 1226, 1109, 306, 4.28%, 0, 9, 24, 601.57
1638749121, 7, 1203, 1227, 1110, 306, 4.28%, 0, 9, 24, 621.95
1638749162, 7, 1204, 1228, 1110, 306, 4.29%, 0, 9, 24, 594.65
1638749182, 7, 1204, 1229, 1111, 306, 4.29%, 0, 9, 24, 621.35
1638749197, 7, 1204, 1230, 1112, 306, 4.29%, 0, 9, 24, 615.38
1638749233, 7, 1227, 1230, 1111, 306, 4.29%, 0, 9, 24, 598.23
1638749238, 7, 1227, 1232, 1113, 306, 4.29%, 0, 9, 25, 622.40
1638749258, 7, 1227, 1233, 1114, 306, 4.29%, 0, 9, 25, 627.72
1638749309, 7, 1230, 1235, 1115, 308, 4.30%, 0, 9, 26, 629.05
1638749314, 7, 1230, 1237, 1117, 308, 4.30%, 0, 9, 26, 606.60
1638749329, 7, 1230, 1238, 1118, 308, 4.30%, 0, 9, 26, 624.73
1638749380, 7, 1236, 1239, 1118, 311, 4.30%, 0, 9, 27, 625.40
1638749385, 7, 1236, 1240, 1119, 311, 4.30%, 0, 9, 27, 615.61
1638749405, 7, 1236, 1241, 1120, 311, 4.30%, 0, 9, 27, 592.07
1638749420, 7, 1236, 1242, 1121, 311, 4.30%, 0, 9, 27, 627.35
1638749450, 8, 288, 1244, 1122, 312, 4.30%, 0, 9, 27, 608.75
1638749456, 8, 288, 1246, 1124, 312, 4.30%, 0, 9, 27, 625.73
1638749461, 8, 288, 1247, 1125, 312, 4.30%, 0, 9, 27, 632.53
1638749466, 8, 288, 1248, 1126, 312, 4.30%, 0, 9, 27, 613.69
1638749471, 8, 288, 1250, 1128, 312, 4.30%, 0, 9, 27, 607.67
1638749506, 8, 373, 1250, 1127, 312, 4.30%, 0, 9, 27, 615.03
1638749511, 8, 569, 1251, 1127, 311, 4.30%, 0, 9, 27, 625.31
1638749517, 8, 675, 1255, 1130, 310, 4.31%, 0, 9, 27, 610.53
1638749522, 8, 675, 1257, 1132, 310, 4.31%, 0, 9, 27, 596.73
1638749527, 8, 675, 1259, 1134, 310, 4.31%, 0, 9, 27, 605.30
1638749537, 8, 675, 1260, 1135, 310, 4.31%, 0, 9, 27, 610.11
1638749542, 8, 675, 1261, 1136, 310, 4.31%, 0, 9, 27, 607.34
1638749547, 8, 675, 1262, 1137, 310, 4.31%, 0, 9, 27, 608.12
1638749562, 8, 1252, 1262, 1136, 313, 4.31%, 0, 9, 27, 617.40
1638749587, 8, 1257, 1262, 1135, 312, 4.31%, 0, 9, 27, 604.58
1638749603, 8, 1257, 1264, 1137, 312, 4.31%, 0, 9, 27, 620.95
1638749638, 8, 1263, 1265, 1137, 313, 4.32%, 0, 9, 27, 626.77
1638749643, 8, 1263, 1267, 1139, 313, 4.32%, 0, 9, 27, 598.30
1638749679, 9, 677, 1267, 1138, 313, 4.32%, 0, 9, 27, 598.76
1638749684, 9, 677, 1268, 1139, 313, 4.32%, 0, 9, 27, 605.98
1638749689, 9, 677, 1269, 1140, 313, 4.32%, 0, 9, 27, 631.71
1638749704, 9, 1267, 1273, 1143, 313, 4.32%, 0, 9, 27, 599.81
1638749710, 9, 1267, 1276, 1146, 313, 4.32%, 0, 9, 27, 627.42
1638749715, 9, 1267, 1282, 1152, 313, 4.32%, 0, 9, 27, 627.44
1638749720, 9, 1267, 1285, 1155, 313, 4.32%, 0, 9, 27, 635.35
1638749725, 9, 1267, 1286, 1156, 313, 4.32%, 0, 9, 27, 619.00
1638749730, 9, 1267, 1288, 1158, 313, 4.32%, 0, 9, 27, 629.62
1638749750, 9, 1281, 1291, 1160, 316, 4.32%, 0, 9, 27, 616.19
1638749755, 9, 1281, 1294, 1163, 316, 4.33%, 0, 9, 27, 620.08
1638749791, 9, 1281, 1295, 1164, 316, 4.33%, 0, 9, 27, 624.19
1638749796, 9, 1294, 1299, 1167, 318, 4.33%, 0, 9, 27, 621.91
1638749801, 9, 1294, 1303, 1171, 318, 4.34%, 0, 9, 27, 619.48
1638749812, 9, 1294, 1307, 1175, 318, 4.34%, 0, 9, 27, 629.06
1638749817, 9, 1294, 1308, 1176, 318, 4.34%, 0, 9, 27, 625.98
1638749822, 9, 1294, 1309, 1177, 318, 4.34%, 0, 9, 27, 596.06
1638749827, 9, 1294, 1311, 1179, 318, 4.34%, 0, 9, 27, 606.62
1638749837, 9, 1294, 1312, 1180, 318, 4.34%, 0, 9, 27, 609.66
1638749842, 9, 1294, 1313, 1181, 318, 4.34%, 0, 9, 27, 618.99
1638749852, 9, 1300, 1313, 1180, 321, 4.34%, 0, 9, 27, 617.28
1638749857, 9, 1300, 1314, 1181, 321, 4.34%, 0, 9, 27, 617.05
1638749862, 9, 1300, 1315, 1182, 321, 4.34%, 0, 9, 27, 612.58
1638749867, 9, 1300, 1316, 1183, 321, 4.34%, 0, 9, 27, 614.22
1638749882, 9, 1300, 1317, 1184, 321, 4.34%, 0, 9, 27, 593.47
1638749918, 10, 730, 1317, 1183, 322, 4.34%, 0, 9, 27, 616.53
1638749923, 10, 774, 1317, 1182, 321, 4.34%, 0, 9, 27, 610.82
1638749928, 10, 774, 1318, 1183, 321, 4.34%, 0, 9, 27, 602.35
1638749933, 10, 774, 1319, 1184, 321, 4.34%, 0, 9, 27, 615.44
1638749938, 10, 774, 1320, 1185, 321, 4.34%, 0, 9, 27, 617.13
1638749943, 10, 774, 1321, 1186, 321, 4.34%, 0, 9, 27, 593.35
1638749953, 10, 774, 1322, 1187, 321, 4.34%, 0, 9, 27, 612.46
1638749968, 10, 774, 1323, 1188, 321, 4.34%, 0, 9, 27, 624.49
1638749978, 10, 967, 1323, 1187, 320, 4.34%, 0, 9, 27, 618.53
1638750014, 10, 971, 1326, 1189, 319, 4.34%, 0, 9, 27, 622.35
1638750065, 10, 1020, 1327, 1189, 320, 4.34%, 0, 9, 27, 597.28
1638750095, 10, 1326, 1327, 1188, 320, 4.34%, 0, 9, 27, 618.68
1638750126, 11, 1324, 1327, 1187, 319, 4.34%, 0, 9, 27, 575.64
1638750131, 11, 1324, 1332, 1192, 319, 4.34%, 0, 9, 27, 604.76
1638750156, 11, 1324, 1333, 1193, 319, 4.34%, 0, 9, 27, 618.12
1638750182, 12, 283, 1334, 1193, 318, 4.34%, 0, 9, 27, 594.78
1638750187, 12, 283, 1335, 1194, 318, 4.34%, 0, 9, 27, 625.89
1638750192, 12, 406, 1335, 1193, 317, 4.34%, 0, 9, 27, 634.54
1638750202, 12, 461, 1335, 1192, 316, 4.34%, 0, 9, 27, 630.13
1638750207, 12, 468, 1337, 1193, 315, 4.35%, 0, 9, 27, 630.96
1638750212, 12, 468, 1339, 1195, 315, 4.35%, 0, 9, 27, 628.60
1638750223, 12, 468, 1340, 1196, 315, 4.35%, 0, 9, 27, 634.35
1638750238, 12, 566, 1341, 1196, 315, 4.35%, 0, 9, 27, 636.28
1638750243, 12, 567, 1341, 1195, 314, 4.35%, 0, 9, 27, 609.62
1638750248, 12, 568, 1342, 1195, 313, 4.35%, 0, 9, 27, 621.88
1638750253, 12, 731, 1342, 1194, 312, 4.35%, 0, 9, 27, 620.45
1638750258, 12, 731, 1344, 1196, 312, 4.35%, 0, 9, 27, 621.89
1638750263, 12, 731, 1346, 1198, 312, 4.35%, 0, 9, 27, 628.11
1638750273, 12, 731, 1347, 1199, 312, 4.35%, 0, 9, 27, 611.77
1638750278, 12, 731, 1348, 1200, 312, 4.35%, 0, 9, 27, 626.30
1638750289, 12, 731, 1349, 1201, 312, 4.35%, 0, 9, 27, 618.61
1638750309, 12, 732, 1350, 1201, 311, 4.35%, 0, 9, 27, 624.07
1638750314, 12, 732, 1351, 1202, 311, 4.35%, 0, 9, 27, 617.06
1638750334, 12, 757, 1352, 1202, 310, 4.35%, 0, 9, 27, 618.63
1638750339, 12, 757, 1357, 1207, 310, 4.36%, 0, 9, 27, 624.37
1638750359, 12, 757, 1358, 1208, 310, 4.36%, 0, 9, 27, 620.41
1638750390, 12, 1352, 1359, 1208, 311, 4.36%, 0, 9, 27, 612.65
1638750395, 12, 1352, 1361, 1210, 311, 4.36%, 0, 9, 27, 618.12
1638750430, 13, 786, 1361, 1209, 310, 4.36%, 0, 9, 27, 596.13
1638750435, 13, 786, 1364, 1212, 310, 4.36%, 0, 9, 27, 614.22
1638750440, 13, 786, 1365, 1213, 310, 4.36%, 0, 9, 27, 624.29
1638750445, 13, 786, 1367, 1215, 310, 4.36%, 0, 9, 27, 622.12
1638750485, 13, 1361, 1369, 1216, 311, 4.37%, 0, 9, 27, 594.20
1638750490, 13, 1361, 1372, 1219, 311, 4.38%, 0, 9, 27, 617.04
1638750501, 13, 1361, 1373, 1220, 311, 4.38%, 0, 9, 27, 616.42
1638750541, 13, 1371, 1373, 1219, 315, 4.38%, 0, 9, 27, 613.45
1638750562, 14, 841, 1373, 1218, 314, 4.38%, 0, 9, 27, 600.71
1638750567, 14, 841, 1377, 1222, 314, 4.39%, 0, 9, 27, 618.38
1638750572, 14, 841, 1379, 1224, 314, 4.39%, 0, 9, 27, 625.37
1638750577, 14, 841, 1380, 1225, 314, 4.39%, 0, 9, 27, 627.48
1638750587, 14, 841, 1381, 1226, 314, 4.39%, 0, 9, 27, 622.67
1638750602, 14, 1378, 1381, 1225, 314, 4.39%, 0, 9, 27, 583.35
1638750607, 14, 1378, 1383, 1227, 314, 4.39%, 0, 9, 27, 620.41
1638750617, 14, 1378, 1384, 1228, 314, 4.39%, 0, 9, 27, 625.29
1638750653, 15, 873, 1386, 1229, 315, 4.40%, 0, 9, 27, 612.67
1638750678, 15, 873, 1387, 1230, 315, 4.40%, 0, 9, 27, 630.32
1638750689, 15, 1385, 1388, 1230, 316, 4.40%, 0, 9, 27, 622.00
1638750699, 15, 1385, 1389, 1231, 316, 4.40%, 0, 9, 27, 629.35
1638750714, 15, 1385, 1390, 1232, 316, 4.40%, 0, 9, 27, 622.92
1638750739, 15, 1385, 1391, 1233, 316, 4.40%, 0, 9, 27, 630.77
1638750744, 15, 1390, 1395, 1236, 315, 4.40%, 0, 9, 27, 628.33
1638750760, 15, 1390, 1397, 1238, 315, 4.40%, 0, 9, 27, 632.68
1638750770, 15, 1390, 1399, 1240, 315, 4.40%, 0, 9, 27, 627.59
1638750780, 15, 1390, 1401, 1242, 315, 4.40%, 0, 9, 27, 621.93
1638750785, 15, 1390, 1403, 1244, 315, 4.40%, 0, 9, 27, 608.60
1638750795, 15, 1393, 1404, 1244, 315, 4.40%, 0, 9, 27, 618.13
1638750800, 15, 1393, 1405, 1245, 315, 4.41%, 0, 9, 27, 627.30
1638750811, 15, 1393, 1406, 1246, 315, 4.41%, 0, 9, 27, 627.16
1638750831, 15, 1393, 1407, 1247, 315, 4.41%, 0, 9, 27, 626.95
1638750861, 15, 1403, 1407, 1246, 317, 4.41%, 0, 9, 27, 627.86
1638750882, 15, 1403, 1408, 1247, 317, 4.41%, 0, 9, 27, 635.40
1638750927, 16, 955, 1410, 1248, 316, 4.41%, 0, 9, 27, 610.85
1638750932, 16, 955, 1411, 1249, 316, 4.41%, 0, 9, 27, 613.31
1638750937, 16, 955, 1412, 1250, 316, 4.41%, 0, 9, 27, 633.50
1638750943, 16, 955, 1413, 1251, 316, 4.41%, 0, 9, 27, 632.99
1638750973, 16, 982, 1414, 1251, 316, 4.41%, 0, 9, 27, 590.43
1638751009, 16, 1413, 1415, 1251, 316, 4.41%, 0, 9, 27, 578.15
1638751044, 17, 995, 1416, 1251, 316, 4.41%, 0, 9, 27, 595.62
1638751054, 17, 995, 1417, 1252, 316, 4.42%, 0, 9, 27, 621.61
1638751095, 17, 1010, 1420, 1254, 316, 4.42%, 0, 9, 27, 615.36
1638751100, 17, 1010, 1421, 1255, 316, 4.42%, 0, 9, 27, 625.59
1638751105, 17, 1010, 1423, 1257, 316, 4.42%, 0, 9, 27, 622.80
1638751115, 17, 1010, 1424, 1258, 316, 4.42%, 0, 9, 27, 613.15
1638751151, 17, 1421, 1424, 1257, 317, 4.42%, 0, 9, 27, 617.18
1638751156, 17, 1421, 1425, 1258, 317, 4.42%, 0, 9, 27, 618.19
1638751206, 18, 1044, 1431, 1263, 316, 4.46%, 0, 9, 27, 620.29
1638751211, 18, 1044, 1432, 1264, 316, 4.46%, 0, 9, 27, 633.49
1638751221, 18, 1044, 1433, 1265, 316, 4.46%, 0, 9, 27, 637.73
1638751262, 18, 1426, 1435, 1266, 316, 4.47%, 0, 9, 27, 599.09
1638751267, 18, 1426, 1436, 1267, 316, 4.47%, 0, 9, 27, 630.12
1638751272, 18, 1426, 1437, 1268, 316, 4.47%, 0, 9, 27, 637.85
1638751283, 18, 1426, 1438, 1269, 316, 4.47%, 0, 9, 27, 638.27
1638751288, 18, 1426, 1439, 1270, 316, 4.48%, 0, 9, 27, 641.47
1638751303, 18, 1426, 1440, 1271, 316, 4.48%, 0, 9, 27, 625.90
1638751313, 18, 1438, 1448, 1278, 317, 4.48%, 0, 9, 27, 633.10
1638751318, 18, 1438, 1451, 1281, 317, 4.48%, 0, 9, 27, 634.06
1638751370, 18, 1448, 1453, 1282, 318, 4.49%, 0, 9, 27, 633.18
1638751375, 18, 1448, 1455, 1284, 318, 4.49%, 0, 9, 27, 627.10
1638751426, 18, 1448, 1456, 1285, 318, 4.49%, 0, 9, 27, 589.00
1638751432, 19, 1090, 1460, 1288, 317, 4.49%, 0, 9, 27, 570.10
1638751442, 19, 1090, 1461, 1289, 317, 4.49%, 0, 9, 27, 552.56
1638751488, 19, 1459, 1461, 1288, 318, 4.49%, 0, 9, 27, 573.14
1638751503, 19, 1459, 1462, 1289, 318, 4.49%, 0, 9, 27, 555.94
1638751513, 19, 1459, 1463, 1290, 318, 4.49%, 0, 9, 27, 575.68
1638751548, 20, 1091, 1465, 1291, 317, 4.49%, 0, 9, 27, 571.27
1638751600, 20, 1091, 1466, 1292, 317, 4.50%, 0, 9, 27, 583.62
1638751605, 20, 1465, 1467, 1292, 317, 4.50%, 0, 9, 27, 570.36
1638751610, 20, 1465, 1470, 1295, 317, 4.50%, 0, 9, 27, 571.98
1638751615, 20, 1465, 1471, 1296, 317, 4.50%, 0, 9, 27, 571.36
1638751665, 21, 1094, 1475, 1299, 316, 4.51%, 0, 9, 27, 561.92
1638751670, 21, 1094, 1476, 1300, 316, 4.51%, 0, 9, 27, 579.23
1638751686, 21, 1094, 1477, 1301, 316, 4.51%, 0, 9, 27, 572.24
1638751722, 21, 1473, 1480, 1303, 319, 4.53%, 0, 9, 27, 580.17
1638751752, 21, 1478, 1481, 1303, 321, 4.53%, 0, 9, 27, 581.01
1638751757, 21, 1478, 1482, 1304, 321, 4.53%, 0, 9, 27, 579.86
1638751778, 21, 1478, 1483, 1305, 321, 4.53%, 0, 9, 27, 581.97
1638751814, 21, 1479, 1489, 1310, 321, 4.55%, 0, 9, 27, 582.90
1638751855, 21, 1479, 1490, 1311, 321, 4.55%, 0, 9, 27, 580.55
1638751870, 21, 1489, 1498, 1318, 325, 4.57%, 0, 9, 27, 579.54
1638751875, 21, 1489, 1500, 1320, 325, 4.57%, 0, 9, 27, 560.67
1638751885, 21, 1489, 1502, 1322, 325, 4.57%, 0, 9, 27, 572.53
1638751931, 21, 1496, 1504, 1323, 326, 4.57%, 0, 9, 27, 576.80
1638751966, 21, 1496, 1505, 1324, 326, 4.57%, 0, 9, 27, 569.90
1638751992, 21, 1504, 1521, 1339, 325, 4.57%, 0, 9, 27, 572.88
1638751997, 21, 1504, 1528, 1346, 325, 4.57%, 0, 9, 27, 566.18
1638752002, 21, 1504, 1530, 1348, 325, 4.57%, 0, 9, 27, 566.71
1638752022, 21, 1504, 1531, 1349, 325, 4.57%, 0, 9, 27, 566.54
1638752027, 21, 1504, 1532, 1350, 325, 4.57%, 0, 9, 27, 549.21
1638752048, 21, 1504, 1533, 1351, 325, 4.57%, 0, 9, 27, 559.35
1638752053, 21, 1516, 1534, 1351, 326, 4.58%, 0, 9, 27, 569.32
1638752058, 21, 1516, 1536, 1353, 326, 4.58%, 0, 9, 27, 571.23
1638752063, 21, 1516, 1537, 1354, 326, 4.58%, 0, 9, 27, 569.60
1638752094, 21, 1516, 1538, 1355, 326, 4.58%, 0, 9, 27, 561.82
1638752114, 22, 1138, 1538, 1354, 325, 4.58%, 0, 9, 27, 45.66
1638752145, 22, 1149, 1538, 1353, 324, 4.58%, 0, 9, 27, 579.03
1638752176, 22, 1149, 1539, 1354, 324, 4.58%, 0, 9, 27, 593.42
1638752232, 22, 1231, 1540, 1354, 324, 4.58%, 0, 9, 27, 595.02
1638752258, 22, 1231, 1541, 1355, 324, 4.58%, 0, 9, 27, 590.15
1638752268, 22, 1231, 1542, 1356, 324, 4.58%, 0, 9, 27, 590.84
1638752309, 22, 1541, 1542, 1355, 322, 4.58%, 0, 9, 27, 588.93
1638752355, 23, 1336, 1542, 1354, 321, 4.58%, 0, 9, 27, 620.55
1638752365, 23, 1493, 1542, 1353, 320, 4.58%, 0, 9, 27, 619.43
1638752395, 24, 185, 1544, 1354, 319, 4.58%, 0, 9, 27, 594.83
1638752400, 24, 185, 1546, 1356, 319, 4.58%, 0, 9, 27, 622.81
1638752411, 24, 1548, 1555, 1364, 319, 4.59%, 0, 9, 27, 636.82
1638752416, 24, 1548, 1558, 1367, 319, 4.60%, 0, 9, 27, 622.24
1638752421, 24, 1548, 1559, 1368, 319, 4.60%, 0, 9, 27, 632.65
1638752426, 24, 1548, 1560, 1369, 319, 4.60%, 0, 9, 27, 618.44
1638752431, 24, 1548, 1562, 1371, 319, 4.60%, 0, 9, 27, 636.39
1638752441, 24, 1548, 1563, 1372, 319, 4.60%, 0, 9, 27, 631.15
1638752451, 24, 1548, 1566, 1375, 319, 4.64%, 0, 9, 27, 632.23
1638752457, 24, 1548, 1577, 1386, 319, 4.64%, 0, 9, 27, 634.56
1638752462, 24, 1554, 1585, 1393, 324, 4.69%, 0, 9, 27, 607.86
1638752472, 24, 1554, 1586, 1394, 324, 4.69%, 0, 9, 27, 634.78
1638752482, 24, 1554, 1587, 1395, 324, 4.69%, 0, 9, 27, 627.57
1638752502, 24, 1554, 1595, 1403, 324, 4.70%, 0, 9, 27, 630.75
1638752507, 24, 1565, 1600, 1407, 326, 4.70%, 0, 9, 27, 623.51
1638752512, 24, 1565, 1601, 1408, 326, 4.70%, 0, 9, 27, 627.05
1638752528, 24, 1565, 1602, 1409, 326, 4.70%, 0, 9, 27, 616.56
1638752563, 24, 1565, 1606, 1413, 326, 4.70%, 0, 9, 27, 619.30
1638752568, 24, 1566, 1610, 1416, 327, 4.71%, 0, 9, 27, 622.22
1638752573, 24, 1566, 1613, 1419, 327, 4.71%, 0, 9, 27, 621.46
1638752578, 24, 1566, 1618, 1424, 327, 4.72%, 0, 9, 27, 627.81
1638752583, 24, 1566, 1619, 1425, 327, 4.72%, 0, 9, 27, 604.97
1638752588, 24, 1566, 1622, 1428, 327, 4.72%, 0, 9, 27, 622.73
1638752593, 24, 1566, 1625, 1431, 327, 4.73%, 0, 9, 27, 631.07
1638752598, 24, 1566, 1627, 1433, 327, 4.73%, 0, 9, 27, 622.27
1638752619, 24, 1566, 1629, 1435, 327, 4.73%, 0, 9, 27, 621.08
1638752624, 24, 1566, 1631, 1437, 327, 4.74%, 0, 10, 27, 586.45
1638752629, 24, 1566, 1635, 1441, 327, 4.75%, 0, 10, 27, 622.67
1638752634, 24, 1623, 1639, 1444, 336, 4.75%, 0, 10, 27, 620.47
1638752695, 24, 1623, 1640, 1445, 336, 4.75%, 0, 10, 27, 619.50
1638752715, 24, 1625, 1643, 1447, 336, 4.78%, 0, 10, 27, 623.59
1638752765, 24, 1625, 1645, 1449, 336, 4.78%, 0, 10, 27, 610.20
1638752771, 24, 1631, 1647, 1450, 337, 4.79%, 0, 10, 27, 626.48
1638752786, 24, 1633, 1648, 1450, 337, 4.79%, 0, 10, 27, 626.51
1638752806, 24, 1648, 1653, 1454, 337, 4.80%, 0, 10, 27, 621.27
1638752811, 24, 1648, 1655, 1456, 337, 4.80%, 0, 10, 27, 628.47
1638752821, 24, 1648, 1658, 1459, 337, 4.80%, 0, 10, 27, 606.76
1638752826, 24, 1648, 1659, 1460, 337, 4.80%, 0, 10, 27, 617.17
1638752836, 24, 1648, 1662, 1463, 337, 4.80%, 0, 10, 27, 629.09
1638752862, 24, 1648, 1667, 1468, 337, 4.81%, 0, 10, 27, 627.18
1638752867, 24, 1648, 1675, 1476, 337, 4.81%, 0, 10, 27, 606.32
1638752872, 24, 1674, 1680, 1480, 342, 4.81%, 0, 10, 27, 612.53
1638752877, 24, 1674, 1681, 1481, 342, 4.82%, 0, 10, 27, 614.58
1638752892, 24, 1674, 1681, 1481, 342, 4.82%, 0, 11, 27, 615.58
1638752923, 24, 1674, 1687, 1487, 342, 4.82%, 0, 12, 27, 610.09
1638752928, 24, 1674, 1690, 1490, 342, 4.82%, 0, 12, 27, 620.49
1638752933, 25, 1602, 1692, 1491, 341, 4.84%, 0, 12, 27, 600.73
1638752938, 25, 1602, 1693, 1492, 341, 4.84%, 0, 12, 27, 617.52
1638752973, 25, 1602, 1695, 1494, 341, 4.84%, 0, 12, 27, 612.94
1638752978, 25, 1602, 1700, 1499, 341, 4.84%, 0, 12, 27, 627.32
1638752983, 25, 1634, 1705, 1503, 341, 4.84%, 0, 12, 27, 608.42
1638752989, 25, 1634, 1708, 1506, 341, 4.87%, 0, 12, 27, 619.34
1638753004, 25, 1634, 1709, 1507, 341, 4.87%, 0, 12, 27, 595.41
1638753029, 25, 1634, 1710, 1508, 341, 4.87%, 0, 12, 27, 629.61
1638753034, 25, 1707, 1715, 1512, 341, 4.91%, 0, 12, 27, 622.65
1638753049, 25, 1707, 1716, 1513, 341, 4.91%, 0, 12, 27, 619.95
1638753080, 25, 1712, 1719, 1515, 342, 4.92%, 0, 12, 27, 629.60
1638753095, 25, 1712, 1720, 1516, 342, 4.92%, 0, 12, 27, 616.24
1638753135, 25, 1712, 1721, 1517, 342, 4.92%, 0, 12, 27, 618.05
1638753145, 25, 1716, 1722, 1517, 343, 4.94%, 0, 12, 27, 610.31
1638753155, 25, 1716, 1728, 1523, 343, 5.01%, 0, 12, 27, 623.13
1638753161, 25, 1716, 1732, 1527, 343, 5.01%, 0, 12, 27, 629.26
1638753166, 25, 1716, 1734, 1529, 343, 5.02%, 0, 12, 27, 612.73
1638753176, 25, 1716, 1735, 1530, 343, 5.02%, 0, 12, 27, 621.00
1638753181, 25, 1716, 1736, 1531, 343, 5.02%, 0, 12, 27, 611.08
1638753201, 25, 1716, 1741, 1536, 343, 5.07%, 0, 12, 27, 634.05
1638753206, 25, 1718, 1742, 1536, 348, 5.07%, 0, 12, 27, 633.24
1638753216, 25, 1718, 1743, 1537, 348, 5.07%, 0, 12, 27, 627.79
1638753222, 25, 1718, 1744, 1538, 348, 5.07%, 0, 12, 27, 633.19
1638753267, 25, 1735, 1746, 1539, 349, 5.07%, 0, 12, 27, 633.79
1638753272, 25, 1735, 1747, 1540, 349, 5.08%, 0, 12, 27, 624.35
1638753293, 25, 1735, 1750, 1543, 349, 5.08%, 0, 12, 27, 619.39
1638753308, 25, 1735, 1751, 1544, 349, 5.08%, 0, 12, 27, 616.32
1638753313, 25, 1735, 1752, 1545, 349, 5.08%, 0, 12, 27, 627.20
1638753333, 25, 1735, 1756, 1549, 349, 5.10%, 0, 12, 27, 617.55
1638753338, 25, 1735, 1760, 1553, 349, 5.15%, 0, 12, 27, 629.51
1638753343, 25, 1738, 1761, 1553, 351, 5.15%, 0, 12, 27, 624.72
1638753379, 25, 1741, 1762, 1553, 350, 5.15%, 0, 12, 27, 627.19
1638753394, 25, 1741, 1766, 1557, 350, 5.16%, 0, 12, 27, 614.93
1638753399, 25, 1741, 1767, 1558, 350, 5.16%, 0, 12, 27, 625.99
1638753435, 25, 1741, 1768, 1559, 350, 5.16%, 0, 12, 27, 631.72
1638753440, 25, 1741, 1769, 1560, 350, 5.16%, 0, 12, 27, 627.22
1638753445, 25, 1745, 1770, 1560, 352, 5.17%, 0, 12, 27, 625.43
1638753490, 25, 1745, 1773, 1563, 352, 5.20%, 0, 12, 27, 622.41
1638753495, 25, 1745, 1779, 1569, 352, 5.22%, 0, 12, 27, 621.98
1638753500, 25, 1755, 1794, 1583, 353, 5.25%, 0, 12, 27, 620.96
1638753505, 25, 1755, 1795, 1584, 353, 5.25%, 0, 12, 27, 625.34
1638753511, 25, 1755, 1796, 1585, 353, 5.25%, 0, 12, 27, 616.65
1638753521, 25, 1755, 1798, 1587, 353, 5.25%, 0, 12, 27, 625.71
1638753541, 25, 1755, 1801, 1590, 353, 5.26%, 0, 12, 27, 608.07
1638753546, 25, 1755, 1803, 1592, 353, 5.26%, 0, 12, 27, 607.11
1638753551, 25, 1771, 1804, 1592, 364, 5.26%, 0, 12, 27, 618.63
1638753561, 25, 1771, 1806, 1594, 364, 5.26%, 0, 12, 27, 626.43
1638753602, 25, 1771, 1808, 1596, 364, 5.26%, 0, 12, 27, 602.03
1638753607, 25, 1793, 1809, 1596, 363, 5.29%, 0, 12, 27, 609.63
1638753713, 25, 1793, 1810, 1597, 363, 5.29%, 0, 12, 27, 618.26
1638753764, 25, 1799, 1814, 1600, 363, 5.29%, 0, 12, 27, 610.08
1638753769, 25, 1799, 1815, 1601, 363, 5.29%, 0, 12, 27, 625.15
1638753804, 25, 1799, 1816, 1602, 363, 5.29%, 0, 12, 27, 617.99
1638753809, 25, 1799, 1819, 1605, 363, 5.30%, 0, 12, 27, 626.81
1638753815, 25, 1808, 1852, 1637, 362, 5.37%, 0, 12, 27, 619.79
1638753820, 25, 1808, 1854, 1639, 362, 5.38%, 0, 12, 27, 618.40
1638753825, 25, 1808, 1858, 1643, 362, 5.38%, 0, 12, 27, 610.25
1638753830, 25, 1808, 1859, 1644, 362, 5.39%, 0, 12, 27, 613.47
1638753835, 25, 1808, 1861, 1646, 362, 5.39%, 0, 12, 27, 607.49
1638753840, 25, 1808, 1863, 1648, 362, 5.39%, 0, 12, 27, 619.30
1638753850, 25, 1808, 1864, 1649, 362, 5.39%, 0, 12, 27, 621.35
1638753860, 25, 1808, 1869, 1654, 362, 5.40%, 0, 12, 27, 628.62
1638753871, 25, 1817, 1871, 1655, 372, 5.40%, 0, 12, 27, 635.56
1638753876, 25, 1817, 1874, 1658, 372, 5.40%, 0, 12, 27, 628.19
1638753922, 25, 1828, 1882, 1665, 374, 5.40%, 0, 12, 27, 632.32
1638753927, 25, 1828, 1883, 1666, 374, 5.40%, 0, 12, 27, 634.97
1638753932, 25, 1828, 1884, 1667, 374, 5.40%, 0, 12, 27, 624.81
1638753942, 25, 1828, 1886, 1669, 374, 5.40%, 0, 12, 27, 618.80
1638753962, 25, 1828, 1889, 1672, 374, 5.40%, 0, 12, 27, 605.14
1638753967, 25, 1828, 1890, 1673, 374, 5.40%, 0, 12, 27, 616.73
1638753998, 25, 1889, 1901, 1683, 374, 5.47%, 0, 12, 27, 638.37
1638754003, 25, 1889, 1906, 1688, 374, 5.51%, 0, 12, 27, 627.37
1638754008, 25, 1889, 1911, 1693, 374, 5.52%, 0, 12, 27, 631.26
1638754023, 25, 1889, 1912, 1694, 374, 5.55%, 0, 12, 27, 603.80
1638754033, 25, 1889, 1913, 1695, 374, 5.56%, 0, 12, 27, 626.78
1638754069, 25, 1910, 1913, 1694, 384, 5.56%, 0, 12, 27, 637.69
1638754074, 25, 1910, 1930, 1711, 384, 5.62%, 0, 12, 27, 625.28
1638754079, 25, 1910, 1934, 1715, 384, 5.62%, 0, 12, 27, 625.93
1638754084, 25, 1910, 1939, 1720, 384, 5.62%, 0, 12, 27, 604.11
1638754089, 25, 1910, 1940, 1721, 384, 5.63%, 0, 12, 27, 628.10
1638754104, 25, 1910, 1941, 1722, 384, 5.63%, 0, 12, 27, 621.68
1638754119, 25, 1910, 1942, 1723, 384, 5.63%, 0, 12, 27, 631.85
1638754124, 25, 1910, 1945, 1726, 384, 5.63%, 0, 12, 27, 612.59
1638754134, 25, 1910, 1946, 1727, 384, 5.63%, 0, 12, 27, 622.07
1638754145, 25, 1912, 1946, 1726, 394, 5.63%, 0, 12, 27, 615.75
1638754150, 25, 1912, 1959, 1739, 394, 5.68%, 0, 12, 27, 629.29
1638754155, 25, 1912, 1960, 1740, 394, 5.68%, 0, 12, 27, 620.35
1638754165, 25, 1912, 1961, 1741, 394, 5.68%, 0, 12, 27, 627.36
1638754170, 25, 1912, 1963, 1743, 394, 5.68%, 0, 12, 27, 634.47
1638754180, 25, 1912, 1965, 1745, 394, 5.68%, 0, 12, 27, 621.19
1638754216, 25, 1939, 1966, 1745, 396, 5.68%, 0, 12, 27, 625.11
1638754221, 25, 1939, 1972, 1751, 396, 5.69%, 0, 12, 27, 625.41
1638754231, 25, 1939, 1975, 1754, 396, 5.69%, 0, 12, 27, 625.65
1638754236, 25, 1939, 1976, 1755, 396, 5.69%, 0, 12, 27, 622.50
1638754246, 25, 1939, 1977, 1756, 396, 5.69%, 0, 12, 27, 608.68
1638754256, 25, 1939, 1978, 1757, 396, 5.69%, 0, 12, 27, 616.42
1638754277, 25, 1939, 1982, 1761, 396, 5.69%, 0, 12, 27, 617.46
1638754282, 25, 1939, 1983, 1762, 396, 5.69%, 0, 12, 27, 628.64
1638754287, 25, 1943, 1983, 1761, 398, 5.69%, 0, 12, 27, 630.66
1638754297, 25, 1943, 1984, 1762, 398, 5.69%, 0, 12, 27, 623.33
1638754307, 25, 1943, 1985, 1763, 398, 5.69%, 0, 12, 27, 617.95
1638754337, 25, 1943, 1986, 1764, 398, 5.69%, 0, 12, 27, 610.86
1638754363, 25, 1966, 1991, 1768, 398, 5.71%, 0, 12, 27, 622.11
1638754398, 25, 1966, 1994, 1771, 398, 5.72%, 0, 12, 27, 631.85
1638754403, 25, 1966, 1996, 1773, 398, 5.72%, 0, 12, 27, 634.43
1638754408, 25, 1987, 1997, 1773, 396, 5.72%, 0, 12, 27, 631.36
1638754413, 25, 1987, 1998, 1774, 396, 5.72%, 0, 12, 27, 615.19
1638754423, 25, 1987, 1999, 1775, 396, 5.72%, 0, 12, 27, 618.48
1638754429, 25, 1987, 2001, 1777, 396, 5.72%, 0, 12, 27, 612.93
1638754449, 25, 1987, 2002, 1778, 396, 5.72%, 0, 12, 27, 619.48
1638754459, 25, 1987, 2003, 1779, 396, 5.72%, 0, 12, 27, 622.39
1638754464, 25, 1987, 2004, 1780, 396, 5.72%, 0, 12, 27, 622.92
1638754479, 25, 1988, 2004, 1779, 394, 5.72%, 0, 12, 27, 639.02
1638754495, 25, 1988, 2005, 1780, 394, 5.72%, 0, 12, 27, 618.26
1638754505, 25, 1988, 2006, 1781, 394, 5.72%, 0, 12, 27, 605.67
1638754556, 25, 1990, 2007, 1781, 393, 5.72%, 0, 12, 27, 612.02
1638754571, 25, 1990, 2008, 1782, 393, 5.72%, 0, 12, 27, 617.88
1638754586, 25, 1990, 2009, 1783, 393, 5.72%, 0, 12, 27, 620.87
1638754627, 25, 2009, 2010, 1783, 394, 5.72%, 0, 12, 27, 622.10
1638754632, 25, 2009, 2017, 1790, 394, 5.73%, 0, 12, 27, 619.74
1638754637, 25, 2009, 2019, 1792, 394, 5.73%, 0, 12, 27, 619.14
1638754647, 25, 2009, 2021, 1794, 394, 5.73%, 0, 12, 27, 626.14
1638754652, 25, 2009, 2023, 1796, 394, 5.73%, 0, 12, 27, 612.88
1638754662, 25, 2009, 2024, 1797, 394, 5.73%, 0, 12, 27, 623.67
1638754667, 25, 2009, 2025, 1798, 394, 5.73%, 0, 12, 27, 616.76
1638754693, 25, 2009, 2026, 1799, 394, 5.74%, 0, 12, 27, 633.49
1638754698, 25, 2018, 2026, 1798, 394, 5.74%, 0, 12, 27, 627.34
1638754703, 25, 2018, 2027, 1799, 394, 5.74%, 0, 12, 27, 624.53
1638754804, 25, 2018, 2028, 1800, 394, 5.74%, 0, 12, 27, 606.36
1638754809, 25, 2018, 2029, 1801, 394, 5.74%, 0, 12, 27, 620.76
1638754815, 25, 2025, 2036, 1807, 393, 5.74%, 0, 12, 27, 619.58
1638754820, 25, 2025, 2037, 1808, 393, 5.74%, 0, 12, 27, 596.88
1638754825, 25, 2025, 2038, 1809, 393, 5.74%, 0, 12, 27, 581.05
1638754845, 25, 2025, 2039, 1810, 393, 5.74%, 0, 12, 27, 581.44
1638754861, 25, 2025, 2047, 1818, 393, 5.74%, 0, 12, 27, 608.25
1638754866, 25, 2025, 2049, 1820, 393, 5.74%, 0, 12, 27, 613.29
1638754871, 25, 2031, 2052, 1822, 394, 5.74%, 0, 12, 27, 633.43
1638754876, 25, 2031, 2053, 1823, 394, 5.74%, 0, 12, 27, 629.90
1638754917, 25, 2031, 2054, 1824, 394, 5.74%, 0, 12, 27, 639.20
1638754922, 25, 2031, 2055, 1825, 394, 5.74%, 0, 12, 27, 610.28
1638754928, 25, 2031, 2057, 1827, 394, 5.74%, 0, 12, 27, 627.40
1638754933, 25, 2031, 2078, 1848, 394, 5.76%, 0, 12, 27, 639.46
1638754938, 25, 2057, 2079, 1848, 400, 5.76%, 0, 12, 27, 633.13
1638755025, 25, 2057, 2080, 1849, 400, 5.76%, 0, 12, 27, 583.92
1638755030, 25, 2057, 2082, 1851, 400, 5.76%, 0, 12, 27, 584.58
1638755035, 25, 2057, 2083, 1852, 400, 5.76%, 0, 12, 27, 581.29
1638755056, 25, 2057, 2084, 1853, 400, 5.76%, 0, 12, 27, 581.99
1638755087, 25, 2057, 2085, 1854, 400, 5.76%, 0, 12, 27, 579.59
1638755092, 25, 2057, 2089, 1858, 400, 5.76%, 0, 12, 27, 587.50
1638755097, 25, 2071, 2092, 1860, 400, 5.76%, 0, 12, 27, 592.61
1638755107, 25, 2071, 2093, 1861, 400, 5.76%, 0, 12, 27, 582.36
1638755113, 25, 2071, 2095, 1863, 400, 5.76%, 0, 12, 27, 589.81
1638755133, 25, 2071, 2096, 1864, 400, 5.76%, 0, 12, 27, 587.20
1638755154, 25, 2071, 2099, 1867, 400, 5.76%, 0, 12, 27, 584.65
1638755159, 25, 2071, 2107, 1875, 400, 5.77%, 0, 12, 27, 593.86
1638755164, 25, 2071, 2108, 1876, 400, 5.77%, 0, 12, 27, 578.45
1638755169, 25, 2078, 2109, 1876, 400, 5.77%, 0, 12, 27, 591.72
1638755267, 25, 2078, 2111, 1878, 400, 5.77%, 0, 12, 27, 585.01
1638755328, 25, 2090, 2111, 1877, 399, 5.77%, 0, 12, 27, 588.43
1638755333, 25, 2090, 2114, 1880, 399, 5.77%, 0, 12, 27, 588.06
1638755338, 25, 2090, 2115, 1881, 399, 5.77%, 0, 12, 27, 553.18
1638755359, 25, 2090, 2116, 1882, 399, 5.77%, 0, 12, 27, 593.02
1638755379, 25, 2090, 2117, 1883, 399, 5.77%, 0, 12, 27, 591.49
1638755390, 25, 2090, 2118, 1884, 399, 5.77%, 0, 12, 27, 595.86
1638755395, 25, 2090, 2119, 1885, 399, 5.77%, 0, 12, 27, 555.18
1638755400, 25, 2090, 2120, 1886, 399, 5.77%, 0, 12, 27, 584.29
1638755405, 25, 2115, 2133, 1898, 400, 5.77%, 0, 12, 27, 576.37
1638755554, 25, 2115, 2134, 1899, 400, 5.77%, 0, 12, 27, 582.25
1638755580, 25, 2115, 2136, 1901, 400, 5.77%, 0, 12, 27, 584.54
1638755590, 25, 2115, 2137, 1902, 400, 5.77%, 0, 12, 27, 584.88
1638755596, 25, 2115, 2138, 1903, 400, 5.77%, 0, 12, 27, 591.87
1638755601, 25, 2115, 2139, 1904, 400, 5.77%, 0, 12, 27, 590.57
1638755606, 25, 2115, 2141, 1906, 400, 5.78%, 0, 12, 27, 590.79
1638755611, 25, 2117, 2141, 1905, 400, 5.78%, 0, 12, 27, 591.78
1638755637, 25, 2117, 2142, 1906, 400, 5.78%, 0, 12, 27, 591.52
1638755693, 25, 2117, 2152, 1916, 400, 5.80%, 0, 12, 27, 589.08
1638755698, 25, 2117, 2154, 1918, 400, 5.80%, 0, 12, 27, 594.78
1638755704, 25, 2144, 2156, 1919, 400, 5.80%, 0, 12, 27, 581.11
1638755734, 25, 2144, 2162, 1925, 400, 5.80%, 0, 13, 27, 528.70
1638755739, 25, 2144, 2169, 1932, 400, 5.80%, 0, 15, 27, 555.03
1638755744, 25, 2144, 2173, 1936, 400, 5.80%, 0, 15, 27, 582.55
1638755749, 26, 1815, 2173, 1935, 399, 5.80%, 0, 15, 27, 600.00
1638755765, 26, 1815, 2174, 1936, 399, 5.80%, 0, 15, 27, 577.11
1638755805, 26, 1815, 2175, 1937, 399, 5.80%, 0, 15, 27, 587.46
1638755811, 26, 1815, 2176, 1938, 399, 5.80%, 0, 15, 27, 588.94
1638755816, 26, 1974, 2177, 1938, 398, 5.80%, 0, 15, 27, 586.39
1638755821, 26, 1974, 2178, 1939, 398, 5.80%, 0, 15, 27, 587.93
1638755847, 26, 1974, 2179, 1940, 398, 5.80%, 0, 15, 27, 586.31
1638755882, 26, 1974, 2180, 1941, 398, 5.80%, 0, 15, 27, 595.33
1638755888, 26, 1974, 2181, 1942, 398, 5.80%, 0, 15, 27, 614.06
1638755898, 26, 2139, 2185, 1945, 399, 5.82%, 0, 15, 27, 618.22
1638755903, 26, 2139, 2188, 1948, 399, 5.82%, 0, 15, 27, 625.90
1638755918, 26, 2139, 2189, 1949, 399, 5.82%, 0, 15, 27, 616.58
1638755953, 26, 2139, 2190, 1950, 399, 5.82%, 0, 15, 27, 626.86
1638755959, 26, 2139, 2192, 1952, 399, 5.82%, 0, 15, 27, 630.12
1638755969, 26, 2182, 2196, 1955, 400, 5.83%, 0, 15, 28, 38.79
1638756060, 26, 2182, 2197, 1956, 400, 5.83%, 0, 15, 28, 603.67
1638756065, 26, 2182, 2198, 1957, 400, 5.83%, 0, 16, 28, 633.28
1638756076, 26, 2182, 2198, 1957, 400, 5.83%, 0, 20, 28, 38.15
1638756081, 26, 2182, 2198, 1957, 400, 5.83%, 0, 23, 28, 111.75
1638756087, 26, 2182, 2198, 1957, 400, 5.83%, 0, 25, 28, 640.00
1638756092, 26, 2183, 2200, 1958, 401, 5.83%, 0, 25, 28, 628.47
1638756183, 26, 2183, 2203, 1961, 401, 5.85%, 0, 25, 28, 597.43
1638756193, 26, 2202, 2207, 1964, 402, 5.87%, 0, 25, 29, 626.51
1638756198, 26, 2202, 2209, 1966, 402, 5.87%, 0, 25, 29, 614.69
1638756380, 26, 2202, 2210, 1967, 402, 5.87%, 0, 25, 29, 611.06
1638756386, 26, 2202, 2211, 1968, 402, 5.87%, 0, 25, 29, 613.61
1638756391, 26, 2202, 2212, 1969, 402, 5.87%, 0, 25, 29, 612.86
1638756401, 26, 2202, 2213, 1970, 402, 5.87%, 0, 25, 29, 616.49
1638756442, 26, 2202, 2214, 1971, 402, 5.87%, 0, 25, 29, 632.63
1638756447, 26, 2202, 2216, 1973, 402, 5.87%, 0, 25, 29, 624.20
1638756452, 27, 2192, 2218, 1974, 404, 5.89%, 0, 25, 29, 635.75
1638756467, 27, 2192, 2219, 1975, 404, 5.90%, 0, 25, 29, 614.29
1638756512, 27, 2192, 2220, 1976, 404, 5.90%, 0, 25, 29, 608.46
1638756578, 27, 2218, 2221, 1976, 405, 5.90%, 0, 25, 30, 631.58
1638756583, 27, 2218, 2222, 1977, 405, 5.90%, 0, 25, 30, 557.03
1638756640, 27, 2218, 2223, 1978, 405, 5.90%, 0, 25, 30, 633.90
1638756655, 27, 2218, 2224, 1979, 405, 5.90%, 0, 25, 30, 620.19
1638756675, 27, 2218, 2225, 1980, 405, 5.90%, 0, 25, 30, 623.20
1638756701, 27, 2218, 2226, 1981, 405, 5.90%, 0, 25, 30, 627.43
1638756706, 27, 2221, 2226, 1980, 406, 5.90%, 0, 25, 30, 626.14
1638756777, 27, 2221, 2227, 1981, 406, 5.90%, 0, 25, 31, 626.77
1638756818, 27, 2221, 2228, 1982, 406, 5.90%, 0, 25, 31, 636.46
1638756823, 27, 2221, 2229, 1983, 406, 5.91%, 0, 25, 31, 626.85
1638756828, 27, 2221, 2230, 1984, 406, 5.91%, 0, 25, 31, 601.51
1638756833, 27, 2228, 2230, 1983, 406, 5.91%, 0, 25, 31, 627.02
1638756874, 27, 2228, 2235, 1988, 406, 5.91%, 0, 25, 32, 554.12
1638756879, 27, 2228, 2240, 1993, 406, 5.93%, 0, 25, 32, 549.84
1638756884, 27, 2234, 2241, 1993, 410, 5.93%, 0, 25, 33, 553.07
1638756945, 27, 2234, 2244, 1996, 410, 5.93%, 0, 25, 33, 544.87
1638756950, 27, 2234, 2248, 2000, 410, 5.93%, 0, 25, 33, 547.11
1638756956, 27, 2234, 2252, 2004, 410, 5.93%, 0, 26, 33, 37.48
1638756961, 27, 2239, 2254, 2005, 409, 5.94%, 0, 26, 33, 551.07
1638756966, 27, 2239, 2256, 2007, 409, 5.94%, 0, 26, 33, 537.26
1638756971, 27, 2239, 2258, 2009, 409, 5.94%, 0, 26, 33, 555.01
1638756976, 27, 2239, 2259, 2010, 409, 5.94%, 0, 26, 33, 553.94
1638756981, 27, 2239, 2260, 2011, 409, 5.94%, 0, 26, 33, 556.62
1638756996, 27, 2239, 2261, 2012, 409, 5.94%, 0, 26, 33, 561.32
1638757033, 27, 2239, 2265, 2016, 409, 5.94%, 0, 27, 33, 91.94
1638757038, 27, 2239, 2268, 2019, 409, 5.94%, 0, 27, 33, 552.27
1638757043, 27, 2266, 2268, 2018, 412, 5.94%, 0, 27, 33, 559.08
1638757063, 27, 2266, 2270, 2020, 412, 5.95%, 0, 27, 34, 550.33
1638757093, 27, 2266, 2271, 2021, 412, 5.95%, 0, 27, 34, 558.41
1638757164, 27, 2268, 2271, 2020, 413, 5.95%, 0, 27, 34, 558.60
1638757185, 27, 2268, 2272, 2021, 413, 5.95%, 0, 27, 35, 551.86
1638757216, 27, 2268, 2273, 2022, 413, 5.95%, 0, 27, 35, 553.10
1638757292, 28, 1680, 2277, 2025, 413, 6.00%, 0, 28, 35, 44.10
1638757297, 28, 1680, 2283, 2031, 413, 6.00%, 0, 28, 35, 541.67
1638757318, 28, 1680, 2284, 2032, 413, 6.00%, 0, 28, 35, 535.38
1638757323, 28, 1680, 2292, 2040, 413, 6.01%, 0, 28, 35, 508.40
1638757328, 28, 1680, 2294, 2042, 413, 6.01%, 0, 28, 35, 522.00
1638757333, 28, 1680, 2296, 2044, 413, 6.01%, 0, 28, 35, 523.47
1638757359, 28, 1680, 2297, 2045, 413, 6.01%, 0, 28, 35, 536.16
1638757374, 28, 1680, 2300, 2048, 413, 6.01%, 0, 28, 35, 594.32
1638757384, 28, 1680, 2303, 2051, 413, 6.01%, 0, 28, 35, 594.74
1638757389, 28, 1680, 2306, 2054, 413, 6.02%, 0, 28, 35, 614.55
1638757394, 28, 1680, 2307, 2055, 413, 6.02%, 0, 28, 35, 631.96
1638757399, 28, 2298, 2312, 2059, 416, 6.03%, 0, 28, 35, 605.56
1638757424, 28, 2298, 2313, 2060, 416, 6.04%, 0, 28, 35, 597.89
1638757439, 28, 2298, 2314, 2061, 416, 6.04%, 0, 28, 35, 613.94
1638757445, 28, 2298, 2315, 2062, 416, 6.04%, 0, 28, 35, 580.98
1638757465, 28, 2298, 2318, 2065, 416, 6.07%, 0, 28, 35, 629.52
1638757470, 28, 2312, 2319, 2065, 422, 6.08%, 0, 28, 35, 614.63
1638757526, 28, 2312, 2320, 2066, 422, 6.08%, 0, 28, 35, 627.81
1638757536, 28, 2314, 2322, 2067, 423, 6.08%, 0, 28, 35, 618.58
1638757541, 28, 2314, 2323, 2068, 423, 6.08%, 0, 28, 35, 609.66
1638757546, 28, 2314, 2326, 2071, 423, 6.08%, 0, 28, 35, 606.42
1638757552, 28, 2314, 2328, 2073, 423, 6.08%, 0, 28, 35, 605.83
1638757572, 28, 2314, 2329, 2074, 423, 6.08%, 0, 28, 35, 604.83
1638757587, 28, 2314, 2331, 2076, 423, 6.08%, 0, 28, 35, 603.86
1638757603, 28, 2314, 2332, 2077, 423, 6.08%, 0, 28, 35, 627.90
1638757613, 28, 2315, 2335, 2079, 423, 6.08%, 0, 28, 35, 628.93
1638757628, 28, 2315, 2336, 2080, 423, 6.08%, 0, 28, 35, 623.63
1638757659, 28, 2336, 2342, 2085, 424, 6.10%, 0, 28, 35, 636.79
1638757664, 28, 2336, 2343, 2086, 424, 6.10%, 0, 28, 35, 624.11
1638757674, 28, 2336, 2344, 2087, 424, 6.10%, 0, 28, 35, 623.29
1638757679, 28, 2336, 2345, 2088, 424, 6.10%, 0, 28, 35, 636.75
1638757700, 28, 2336, 2349, 2092, 424, 6.11%, 0, 28, 35, 627.48
1638757705, 28, 2336, 2352, 2095, 424, 6.12%, 0, 28, 35, 626.62
1638757710, 28, 2336, 2356, 2099, 424, 6.12%, 0, 28, 35, 610.04
1638757715, 28, 2343, 2358, 2100, 425, 6.12%, 0, 28, 35, 624.41
1638757761, 28, 2344, 2362, 2103, 425, 6.12%, 0, 28, 35, 627.26
1638757802, 28, 2344, 2364, 2105, 425, 6.13%, 0, 28, 35, 596.40
1638757807, 28, 2344, 2364, 2105, 425, 6.13%, 0, 29, 35, 593.34
1638757812, 28, 2349, 2372, 2112, 427, 6.16%, 0, 29, 35, 616.97
1638757818, 28, 2349, 2374, 2114, 427, 6.16%, 0, 29, 35, 618.58
1638757823, 28, 2349, 2376, 2116, 427, 6.16%, 0, 29, 35, 628.81
1638757828, 28, 2349, 2379, 2119, 427, 6.17%, 0, 29, 35, 626.48
1638757838, 28, 2349, 2381, 2121, 427, 6.17%, 0, 29, 35, 618.58
1638757858, 28, 2349, 2382, 2122, 427, 6.17%, 0, 29, 35, 619.72
1638757868, 28, 2349, 2383, 2123, 427, 6.17%, 0, 29, 35, 619.97
1638757874, 28, 2349, 2387, 2127, 427, 6.18%, 0, 29, 35, 611.05
1638757879, 28, 2349, 2389, 2129, 427, 6.19%, 0, 29, 35, 619.77
1638757884, 28, 2365, 2401, 2140, 437, 6.20%, 0, 30, 35, 624.54
1638757919, 28, 2365, 2402, 2141, 437, 6.21%, 0, 30, 35, 628.32
1638757945, 28, 2365, 2407, 2146, 437, 6.21%, 0, 30, 35, 620.04
1638757950, 28, 2365, 2408, 2147, 437, 6.21%, 0, 30, 35, 627.35
1638757955, 28, 2376, 2411, 2149, 437, 6.21%, 0, 30, 35, 619.05
1638758005, 28, 2376, 2412, 2150, 437, 6.21%, 0, 30, 35, 627.94
1638758010, 28, 2376, 2413, 2151, 437, 6.21%, 0, 30, 35, 618.36
1638758015, 28, 2376, 2415, 2153, 437, 6.23%, 0, 30, 35, 622.58
1638758020, 28, 2383, 2416, 2153, 438, 6.23%, 0, 30, 35, 629.71
1638758056, 28, 2383, 2419, 2156, 438, 6.23%, 0, 30, 35, 614.55
1638758061, 28, 2387, 2421, 2157, 438, 6.24%, 0, 30, 35, 622.23
1638758092, 28, 2387, 2423, 2159, 438, 6.24%, 0, 30, 35, 635.55
1638758097, 28, 2387, 2426, 2162, 438, 6.28%, 0, 30, 35, 633.43
1638758102, 28, 2387, 2427, 2163, 438, 6.29%, 0, 30, 35, 606.22
1638758107, 28, 2408, 2433, 2168, 441, 6.29%, 0, 30, 35, 615.02
1638758112, 28, 2408, 2440, 2175, 441, 6.29%, 0, 30, 35, 619.67
1638758117, 28, 2408, 2443, 2178, 441, 6.29%, 0, 30, 35, 614.59
1638758122, 28, 2408, 2444, 2179, 441, 6.30%, 0, 30, 35, 625.81
1638758127, 28, 2408, 2445, 2180, 441, 6.30%, 0, 30, 35, 619.80
1638758133, 28, 2408, 2446, 2181, 441, 6.30%, 0, 30, 35, 611.12
1638758143, 28, 2408, 2448, 2183, 441, 6.30%, 0, 30, 35, 619.47
1638758148, 28, 2408, 2449, 2184, 441, 6.30%, 0, 30, 35, 620.47
1638758153, 28, 2408, 2450, 2185, 441, 6.31%, 0, 30, 35, 620.90
1638758158, 28, 2408, 2452, 2187, 441, 6.31%, 0, 30, 35, 624.08
1638758168, 28, 2408, 2453, 2188, 441, 6.31%, 0, 30, 35, 622.65
1638758173, 28, 2408, 2454, 2189, 441, 6.31%, 0, 30, 35, 618.61
1638758178, 28, 2415, 2458, 2192, 448, 6.31%, 0, 31, 35, 602.42
1638758183, 28, 2415, 2461, 2195, 448, 6.31%, 0, 31, 35, 612.69
1638758188, 28, 2415, 2463, 2197, 448, 6.31%, 0, 31, 35, 616.44
1638758194, 28, 2415, 2465, 2199, 448, 6.31%, 0, 31, 35, 605.07
1638758244, 28, 2415, 2473, 2207, 448, 6.31%, 0, 31, 35, 618.97
1638758249, 28, 2422, 2478, 2211, 447, 6.32%, 0, 31, 35, 633.39
1638758280, 28, 2422, 2479, 2212, 447, 6.32%, 0, 31, 35, 635.51
1638758285, 28, 2422, 2480, 2213, 447, 6.32%, 0, 31, 35, 607.99
1638758290, 28, 2422, 2481, 2214, 447, 6.32%, 0, 31, 35, 624.83
1638758295, 28, 2423, 2484, 2216, 452, 6.33%, 0, 31, 35, 628.72
1638758326, 28, 2423, 2485, 2217, 452, 6.33%, 0, 31, 35, 626.27
1638758341, 28, 2426, 2485, 2216, 452, 6.33%, 0, 31, 35, 610.32
1638758362, 28, 2426, 2494, 2225, 452, 6.33%, 0, 31, 35, 630.12
1638758367, 28, 2426, 2498, 2229, 452, 6.33%, 0, 31, 35, 633.24
1638758372, 28, 2447, 2504, 2234, 450, 6.34%, 0, 31, 35, 615.75
1638758377, 28, 2447, 2505, 2235, 450, 6.34%, 0, 31, 35, 610.17
1638758382, 28, 2447, 2506, 2236, 450, 6.34%, 0, 31, 35, 613.14
1638758433, 28, 2447, 2510, 2240, 450, 6.35%, 0, 31, 35, 617.62
1638758438, 28, 2447, 2512, 2242, 450, 6.35%, 0, 32, 35, 618.74
1638758443, 28, 2449, 2513, 2242, 454, 6.35%, 0, 32, 35, 593.00
1638758448, 28, 2449, 2515, 2244, 454, 6.35%, 0, 32, 35, 600.41
1638758509, 28, 2482, 2515, 2243, 454, 6.35%, 0, 32, 35, 627.28
1638758555, 28, 2482, 2516, 2244, 454, 6.35%, 0, 32, 35, 625.46
1638758560, 28, 2482, 2517, 2245, 454, 6.36%, 0, 32, 35, 630.52
1638758565, 28, 2493, 2517, 2244, 454, 6.36%, 0, 32, 35, 623.09
1638758606, 28, 2493, 2519, 2246, 454, 6.36%, 0, 33, 35, 632.73
1638758611, 28, 2509, 2521, 2247, 453, 6.36%, 0, 33, 35, 626.16
1638758642, 28, 2509, 2522, 2248, 453, 6.36%, 0, 33, 35, 605.95
1638758667, 28, 2509, 2523, 2249, 453, 6.36%, 0, 33, 35, 636.08
1638758678, 28, 2519, 2524, 2249, 453, 6.36%, 0, 33, 35, 630.73
1638758738, 28, 2519, 2525, 2250, 453, 6.36%, 0, 33, 35, 626.28
1638758743, 29, 2351, 2527, 2251, 452, 6.36%, 0, 33, 35, 613.37
1638758789, 29, 2351, 2528, 2252, 452, 6.36%, 0, 33, 35, 630.31
1638758794, 29, 2362, 2532, 2255, 452, 6.37%, 0, 33, 35, 621.03
1638758799, 29, 2362, 2535, 2258, 452, 6.38%, 0, 33, 35, 624.24
1638758814, 29, 2362, 2536, 2259, 452, 6.38%, 0, 33, 35, 594.10
1638758829, 29, 2362, 2537, 2260, 452, 6.38%, 0, 33, 35, 612.82
1638758865, 29, 2425, 2538, 2260, 455, 6.38%, 0, 33, 35, 624.01
1638758916, 29, 2425, 2541, 2263, 455, 6.38%, 0, 33, 35, 622.71
1638758921, 29, 2425, 2545, 2267, 455, 6.38%, 0, 33, 35, 621.91
1638758931, 29, 2441, 2554, 2275, 454, 6.38%, 0, 33, 35, 598.46
1638758946, 29, 2441, 2557, 2278, 454, 6.38%, 0, 33, 35, 531.73
1638758956, 29, 2441, 2558, 2279, 454, 6.38%, 0, 33, 35, 522.42
1638758971, 29, 2441, 2559, 2280, 454, 6.38%, 0, 33, 35, 519.03
1638759012, 29, 2441, 2565, 2286, 454, 6.38%, 0, 33, 35, 587.86
1638759017, 29, 2441, 2567, 2288, 454, 6.38%, 0, 33, 35, 597.28
1638759022, 29, 2441, 2568, 2289, 454, 6.38%, 0, 33, 35, 621.44
1638759027, 29, 2557, 2568, 2288, 454, 6.38%, 0, 33, 35, 602.21
1638759047, 29, 2557, 2569, 2289, 454, 6.38%, 0, 33, 35, 522.83
1638759057, 29, 2557, 2570, 2290, 454, 6.38%, 0, 33, 35, 519.29
1638759083, 29, 2557, 2571, 2291, 454, 6.38%, 0, 33, 35, 525.71
1638759098, 29, 2557, 2573, 2293, 454, 6.38%, 0, 33, 35, 554.91
1638759103, 29, 2557, 2576, 2296, 454, 6.38%, 0, 33, 35, 599.62
1638759108, 29, 2557, 2579, 2299, 454, 6.39%, 0, 33, 35, 608.62
1638759113, 29, 2576, 2579, 2298, 456, 6.39%, 0, 33, 35, 604.46
1638759124, 29, 2576, 2581, 2300, 456, 6.39%, 0, 33, 35, 555.49
1638759129, 29, 2576, 2589, 2308, 456, 6.39%, 0, 33, 35, 577.50
1638759134, 29, 2576, 2592, 2311, 456, 6.39%, 0, 33, 35, 556.51
1638759201, 29, 2576, 2594, 2313, 456, 6.39%, 0, 33, 35, 620.97
1638759206, 29, 2591, 2594, 2312, 457, 6.39%, 0, 33, 35, 615.16
1638759211, 29, 2591, 2595, 2313, 457, 6.40%, 0, 33, 35, 597.18
1638759226, 29, 2591, 2596, 2314, 457, 6.40%, 0, 33, 35, 568.74
1638759287, 29, 2594, 2596, 2313, 455, 6.40%, 0, 33, 35, 607.93
1638759292, 29, 2594, 2597, 2314, 455, 6.41%, 0, 33, 35, 594.44
1638759297, 29, 2594, 2598, 2315, 455, 6.41%, 0, 33, 35, 581.09
1638759302, 29, 2594, 2599, 2316, 455, 6.41%, 0, 33, 35, 544.37
1638759353, 29, 2594, 2605, 2322, 455, 6.41%, 0, 33, 35, 568.94
1638759358, 29, 2594, 2606, 2323, 455, 6.41%, 0, 33, 35, 606.68
1638759368, 30, 2142, 2609, 2325, 456, 6.41%, 0, 33, 35, 637.11
1638759419, 30, 2204, 2609, 2324, 455, 6.41%, 0, 33, 35, 594.43
1638759612, 30, 2204, 2613, 2328, 455, 6.41%, 0, 33, 35, 609.17
1638759617, 30, 2204, 2614, 2329, 455, 6.41%, 0, 33, 35, 599.83
1638759622, 30, 2204, 2615, 2330, 455, 6.41%, 0, 33, 35, 608.09
1638759638, 30, 2204, 2616, 2331, 455, 6.41%, 0, 33, 35, 608.38
1638759663, 30, 2204, 2617, 2332, 455, 6.41%, 0, 33, 35, 580.34
1638759668, 30, 2204, 2618, 2333, 455, 6.41%, 0, 33, 35, 616.83
1638759673, 30, 2204, 2628, 2343, 455, 6.42%, 0, 33, 35, 627.27
1638759678, 30, 2625, 2628, 2342, 457, 6.42%, 0, 33, 35, 618.15
1638759683, 30, 2625, 2630, 2344, 457, 6.42%, 0, 33, 35, 631.52
1638759744, 30, 2625, 2633, 2347, 457, 6.42%, 0, 33, 35, 617.24
1638759749, 30, 2627, 2634, 2347, 456, 6.42%, 0, 33, 35, 625.86
1638759765, 30, 2627, 2635, 2348, 456, 6.42%, 0, 33, 35, 606.17
1638759978, 30, 2627, 2636, 2349, 456, 6.42%, 0, 33, 35, 602.58
1638760033, 30, 2627, 2637, 2350, 456, 6.42%, 0, 33, 35, 625.97
1638760044, 30, 2627, 2640, 2353, 456, 6.43%, 0, 33, 35, 627.35
1638760049, 30, 2634, 2641, 2353, 456, 6.43%, 0, 33, 35, 629.49
1638760323, 30, 2639, 2641, 2352, 455, 6.43%, 0, 33, 35, 607.79
1638760354, 30, 2639, 2642, 2353, 455, 6.43%, 0, 33, 35, 626.55
1638760399, 30, 2639, 2643, 2354, 455, 6.43%, 0, 33, 35, 631.07
1638760405, 30, 2639, 2646, 2357, 455, 6.45%, 0, 33, 35, 623.17
1638760410, 30, 2645, 2646, 2356, 455, 6.45%, 0, 33, 35, 631.02
1638760435, 30, 2645, 2647, 2357, 455, 6.45%, 0, 33, 35, 598.67
1638760440, 30, 2645, 2648, 2358, 455, 6.45%, 0, 33, 35, 603.32
1638760445, 30, 2645, 2649, 2359, 455, 6.45%, 0, 33, 35, 586.17
1638760466, 30, 2645, 2650, 2360, 455, 6.45%, 0, 33, 35, 604.36
1638760486, 30, 2645, 2651, 2361, 455, 6.45%, 0, 33, 35, 599.67
1638760628, 30, 2645, 2652, 2362, 455, 6.45%, 0, 33, 35, 605.87
1638760633, 30, 2645, 2653, 2363, 455, 6.45%, 0, 33, 35, 610.93
1638760674, 30, 2645, 2654, 2364, 455, 6.45%, 0, 33, 35, 609.02
1638760684, 30, 2645, 2655, 2365, 455, 6.45%, 0, 33, 35, 598.68
1638760694, 30, 2645, 2658, 2368, 455, 6.45%, 0, 33, 35, 637.74
1638760699, 30, 2647, 2660, 2369, 454, 6.45%, 0, 33, 35, 621.84
1638760729, 30, 2647, 2661, 2370, 454, 6.46%, 0, 33, 35, 623.87
1638760745, 30, 2647, 2662, 2371, 454, 6.46%, 0, 33, 35, 596.86
1638760755, 30, 2647, 2663, 2372, 454, 6.46%, 0, 33, 35, 613.73
1638760780, 30, 2647, 2664, 2373, 454, 6.46%, 0, 33, 35, 619.01
1638760902, 30, 2647, 2666, 2375, 454, 6.46%, 0, 33, 35, 618.27
1638760927, 30, 2647, 2668, 2377, 454, 6.46%, 0, 33, 35, 599.45
1638760963, 30, 2667, 2668, 2376, 456, 6.46%, 0, 33, 35, 634.30
1638760983, 30, 2667, 2669, 2377, 456, 6.46%, 0, 33, 35, 614.82
1638761034, 30, 2667, 2670, 2378, 456, 6.46%, 0, 33, 35, 625.24
1638761039, 30, 2667, 2671, 2379, 456, 6.46%, 0, 33, 35, 632.10
1638761044, 30, 2667, 2674, 2382, 456, 6.46%, 0, 33, 35, 604.74
1638761050, 31, 2378, 2678, 2385, 456, 6.46%, 0, 33, 35, 627.45
1638761105, 31, 2378, 2679, 2386, 456, 6.46%, 0, 33, 35, 609.43
1638761116, 31, 2378, 2684, 2391, 456, 6.47%, 0, 33, 35, 576.47
1638761121, 31, 2682, 2684, 2390, 458, 6.47%, 0, 33, 35, 554.38
1638761126, 31, 2682, 2685, 2391, 458, 6.47%, 0, 33, 35, 552.72
1638761192, 31, 2683, 2685, 2390, 457, 6.47%, 0, 33, 35, 554.38
1638761197, 31, 2683, 2686, 2391, 457, 6.47%, 0, 33, 35, 550.15
1638761263, 31, 2683, 2687, 2392, 457, 6.47%, 0, 33, 35, 544.95
1638761268, 31, 2683, 2691, 2396, 457, 6.47%, 0, 33, 35, 553.61
1638761273, 32, 2386, 2691, 2395, 456, 6.47%, 0, 33, 35, 529.31
1638761334, 32, 2386, 2694, 2398, 456, 6.47%, 0, 33, 35, 533.42
1638761339, 32, 2692, 2694, 2397, 455, 6.47%, 0, 34, 35, 528.43
1638761344, 32, 2692, 2697, 2400, 455, 6.48%, 0, 34, 35, 472.41
1638761350, 32, 2692, 2702, 2405, 455, 6.50%, 0, 34, 35, 477.50
1638761395, 32, 2692, 2703, 2406, 455, 6.50%, 0, 34, 35, 493.84
1638761406, 32, 2699, 2703, 2405, 461, 6.50%, 0, 34, 35, 470.02
1638761452, 32, 2699, 2705, 2407, 461, 6.50%, 0, 34, 35, 521.74
1638761467, 33, 2414, 2707, 2408, 460, 6.52%, 0, 34, 35, 553.55
1638761487, 33, 2414, 2708, 2409, 460, 6.52%, 0, 34, 35, 549.03
1638761549, 33, 2414, 2709, 2410, 460, 6.53%, 0, 34, 35, 554.72
1638761554, 33, 2414, 2710, 2411, 460, 6.53%, 0, 34, 35, 542.09
1638761559, 33, 2414, 2714, 2415, 460, 6.54%, 0, 34, 35, 552.32
1638761564, 33, 2452, 2714, 2414, 461, 6.54%, 0, 34, 35, 546.02
1638761584, 33, 2452, 2715, 2415, 461, 6.54%, 0, 34, 35, 571.97
1638761589, 33, 2452, 2717, 2417, 461, 6.54%, 0, 34, 35, 610.57
1638761594, 33, 2452, 2721, 2421, 461, 6.54%, 0, 34, 35, 624.89
1638761599, 33, 2528, 2722, 2421, 460, 6.54%, 0, 34, 35, 620.91
1638761620, 33, 2528, 2723, 2422, 460, 6.54%, 0, 34, 35, 633.31
1638761625, 33, 2528, 2724, 2423, 460, 6.54%, 0, 34, 35, 623.70
1638761670, 33, 2528, 2725, 2424, 460, 6.54%, 0, 34, 35, 618.79
1638761685, 33, 2637, 2726, 2424, 459, 6.54%, 0, 34, 35, 617.30
1638761751, 33, 2660, 2726, 2423, 458, 6.54%, 0, 34, 35, 614.46
1638761818, 33, 2660, 2727, 2424, 458, 6.54%, 0, 34, 35, 606.84
1638761986, 33, 2660, 2728, 2425, 458, 6.54%, 0, 34, 35, 581.35
1638762016, 33, 2660, 2729, 2426, 458, 6.54%, 0, 34, 35, 553.64
1638762062, 33, 2708, 2730, 2426, 457, 6.54%, 0, 34, 35, 546.52
1638762072, 33, 2708, 2732, 2428, 457, 6.54%, 0, 34, 35, 565.67
1638762118, 33, 2708, 2733, 2429, 457, 6.54%, 0, 34, 35, 594.30
1638762129, 33, 2708, 2736, 2432, 457, 6.54%, 0, 34, 35, 583.57
1638762139, 33, 2708, 2738, 2434, 457, 6.54%, 0, 34, 35, 578.24
1638762144, 33, 2736, 2743, 2438, 459, 6.55%, 0, 34, 35, 567.86
1638762149, 33, 2736, 2744, 2439, 459, 6.56%, 0, 34, 35, 564.20
1638762190, 33, 2736, 2745, 2440, 459, 6.56%, 0, 34, 35, 556.23
1638762196, 33, 2736, 2746, 2441, 459, 6.56%, 0, 34, 35, 556.10
1638762221, 33, 2736, 2748, 2443, 459, 6.56%, 0, 34, 35, 564.93
1638762226, 33, 2736, 2751, 2446, 459, 6.56%, 0, 34, 35, 572.16
1638762231, 33, 2736, 2752, 2447, 459, 6.56%, 0, 34, 35, 568.72
1638762236, 33, 2736, 2753, 2448, 459, 6.56%, 0, 34, 35, 573.40
1638762241, 33, 2743, 2754, 2448, 461, 6.56%, 0, 34, 35, 566.84
1638762262, 33, 2743, 2755, 2449, 461, 6.56%, 0, 34, 35, 540.05
1638762272, 33, 2743, 2756, 2450, 461, 6.56%, 0, 34, 35, 538.83
1638762297, 33, 2743, 2757, 2451, 461, 6.56%, 0, 34, 35, 559.89
1638762323, 33, 2743, 2758, 2452, 461, 6.56%, 0, 34, 35, 566.47
1638762333, 33, 2751, 2758, 2451, 460, 6.56%, 0, 34, 35, 570.78
1638762354, 33, 2751, 2759, 2452, 460, 6.56%, 0, 34, 35, 585.10
1638762359, 33, 2751, 2760, 2453, 460, 6.56%, 0, 34, 35, 589.73
1638762374, 33, 2751, 2761, 2454, 460, 6.56%, 0, 34, 35, 582.74
1638762415, 33, 2751, 2762, 2455, 460, 6.58%, 0, 34, 35, 563.55
1638762420, 33, 2751, 2763, 2456, 460, 6.58%, 0, 34, 35, 524.06
1638762425, 34, 2721, 2763, 2455, 461, 6.58%, 0, 34, 35, 576.97
1638762450, 34, 2721, 2764, 2456, 461, 6.58%, 0, 34, 35, 577.93
1638762507, 34, 2721, 2765, 2457, 461, 6.58%, 0, 34, 35, 561.10
1638762522, 34, 2761, 2765, 2456, 461, 6.58%, 0, 34, 35, 526.15
1638762542, 34, 2761, 2766, 2457, 461, 6.58%, 0, 34, 35, 499.87
1638762803, 34, 2761, 2767, 2458, 461, 6.58%, 0, 34, 35, 524.74
1638762813, 34, 2761, 2770, 2461, 461, 6.58%, 0, 34, 35, 523.39
1638762818, 34, 2761, 2771, 2462, 461, 6.58%, 0, 34, 35, 533.36
1638762823, 34, 2761, 2773, 2464, 461, 6.58%, 0, 34, 35, 526.02
1638762833, 34, 2761, 2775, 2466, 461, 6.58%, 0, 34, 35, 511.60
1638762838, 34, 2761, 2777, 2468, 461, 6.58%, 0, 34, 35, 510.94
1638762843, 34, 2761, 2778, 2469, 461, 6.58%, 0, 34, 35, 504.02
1638762869, 34, 2761, 2782, 2473, 461, 6.62%, 0, 34, 35, 582.90
1638762874, 34, 2761, 2788, 2479, 461, 6.62%, 0, 34, 35, 582.44
1638762879, 34, 2778, 2788, 2478, 463, 6.62%, 0, 34, 35, 579.61
1638762920, 34, 2778, 2789, 2479, 463, 6.62%, 0, 34, 35, 574.59
1638762930, 34, 2779, 2790, 2479, 462, 6.62%, 0, 34, 35, 574.46
1638762951, 34, 2779, 2792, 2481, 462, 6.62%, 0, 34, 35, 558.48
1638762956, 34, 2779, 2796, 2485, 462, 6.62%, 0, 34, 35, 571.03
1638762971, 34, 2779, 2798, 2487, 462, 6.62%, 0, 34, 35, 568.00
1638763007, 34, 2779, 2801, 2490, 462, 6.62%, 0, 34, 35, 557.15
1638763012, 34, 2779, 2802, 2491, 462, 6.62%, 0, 34, 35, 566.06
1638763017, 34, 2779, 2804, 2493, 462, 6.62%, 0, 34, 35, 553.48
1638763022, 34, 2779, 2810, 2499, 462, 6.62%, 0, 34, 35, 545.46
1638763027, 34, 2781, 2815, 2503, 461, 6.64%, 0, 34, 35, 558.86
1638763053, 34, 2781, 2816, 2504, 461, 6.64%, 0, 34, 35, 568.25
1638763083, 34, 2781, 2817, 2505, 461, 6.64%, 0, 34, 35, 564.45
1638763088, 34, 2781, 2819, 2507, 461, 6.65%, 0, 34, 35, 578.22
1638763093, 34, 2781, 2825, 2513, 461, 6.65%, 0, 34, 35, 585.78
1638763098, 34, 2811, 2828, 2515, 466, 6.65%, 0, 34, 35, 579.18
1638763103, 34, 2811, 2833, 2520, 466, 6.66%, 0, 35, 35, 555.86
1638763109, 34, 2811, 2835, 2522, 466, 6.66%, 0, 35, 35, 558.50
1638763134, 34, 2811, 2835, 2522, 466, 6.66%, 0, 36, 35, 572.46
1638763144, 34, 2811, 2836, 2523, 466, 6.66%, 0, 36, 35, 574.85
1638763175, 34, 2816, 2840, 2526, 468, 6.67%, 0, 36, 35, 573.62
1638763180, 34, 2816, 2843, 2529, 468, 6.68%, 0, 36, 35, 562.29
1638763195, 34, 2816, 2844, 2530, 468, 6.68%, 0, 36, 35, 547.37
1638763215, 34, 2816, 2845, 2531, 468, 6.68%, 0, 36, 35, 572.56
1638763220, 34, 2816, 2846, 2532, 468, 6.69%, 0, 36, 35, 568.18
1638763236, 34, 2816, 2847, 2533, 468, 6.69%, 0, 36, 35, 559.35
1638763241, 34, 2816, 2852, 2538, 468, 6.69%, 0, 36, 35, 562.35
1638763246, 34, 2816, 2854, 2540, 468, 6.69%, 0, 36, 35, 567.08
1638763251, 34, 2816, 2855, 2541, 468, 6.69%, 0, 36, 35, 542.92
1638763256, 34, 2824, 2856, 2541, 467, 6.69%, 0, 36, 35, 546.84
1638763261, 34, 2824, 2859, 2544, 467, 6.70%, 0, 36, 35, 541.27
1638763266, 34, 2824, 2859, 2544, 467, 6.70%, 0, 37, 35, 530.40
1638763271, 34, 2824, 2864, 2549, 467, 6.70%, 0, 37, 35, 535.00
1638763276, 34, 2824, 2865, 2550, 467, 6.70%, 0, 37, 35, 527.89
1638763286, 34, 2824, 2866, 2551, 467, 6.70%, 0, 37, 35, 547.21
1638763307, 34, 2824, 2867, 2552, 467, 6.70%, 0, 37, 35, 521.96
1638763312, 34, 2824, 2868, 2553, 467, 6.70%, 0, 37, 35, 534.91
1638763317, 34, 2824, 2871, 2556, 467, 6.70%, 0, 37, 35, 552.94
1638763322, 34, 2824, 2873, 2558, 467, 6.70%, 0, 37, 35, 540.92
1638763338, 34, 2824, 2874, 2559, 467, 6.70%, 0, 37, 35, 547.52
1638763363, 34, 2824, 2875, 2560, 467, 6.70%, 0, 37, 35, 539.40
1638763373, 34, 2824, 2876, 2561, 467, 6.70%, 0, 37, 35, 568.95
1638763383, 34, 2827, 2876, 2560, 468, 6.70%, 0, 37, 35, 562.29
1638763388, 34, 2827, 2877, 2561, 468, 6.70%, 0, 37, 35, 568.14
1638763455, 34, 2845, 2878, 2561, 468, 6.70%, 0, 37, 35, 603.28
1638763465, 34, 2845, 2880, 2563, 468, 6.70%, 0, 37, 35, 570.54
1638763470, 34, 2845, 2883, 2566, 468, 6.70%, 0, 37, 35, 552.18
1638763531, 34, 2845, 2885, 2568, 468, 6.70%, 0, 37, 35, 563.12
1638763536, 34, 2845, 2887, 2570, 468, 6.70%, 0, 37, 35, 586.14
1638763542, 34, 2854, 2897, 2579, 467, 6.71%, 0, 37, 35, 579.20
1638763547, 34, 2854, 2898, 2580, 467, 6.71%, 0, 37, 35, 574.92
1638763552, 34, 2854, 2899, 2581, 467, 6.71%, 0, 37, 35, 574.85
1638763562, 34, 2854, 2901, 2583, 467, 6.71%, 0, 37, 35, 560.85
1638763587, 34, 2854, 2902, 2584, 467, 6.71%, 0, 37, 35, 574.80
1638763597, 34, 2854, 2903, 2585, 467, 6.71%, 0, 37, 35, 581.19
1638763603, 34, 2854, 2904, 2586, 467, 6.71%, 0, 37, 35, 567.98
1638763608, 34, 2854, 2905, 2587, 467, 6.71%, 0, 37, 35, 556.68
1638763613, 34, 2854, 2907, 2589, 467, 6.71%, 0, 37, 35, 555.56
1638763618, 34, 2856, 2912, 2593, 468, 6.72%, 0, 37, 35, 557.76
1638763623, 34, 2856, 2912, 2593, 468, 6.72%, 0, 38, 35, 540.75
1638763628, 34, 2856, 2914, 2595, 468, 6.72%, 0, 38, 35, 542.45
1638763633, 34, 2856, 2915, 2596, 468, 6.72%, 0, 38, 35, 540.10
1638763669, 34, 2856, 2916, 2597, 468, 6.72%, 0, 38, 35, 519.20
1638763674, 34, 2856, 2917, 2598, 468, 6.72%, 0, 38, 35, 525.48
1638763680, 34, 2856, 2918, 2599, 468, 6.72%, 0, 38, 35, 537.27
1638763720, 34, 2856, 2919, 2600, 468, 6.72%, 0, 38, 35, 555.93
1638763730, 34, 2856, 2922, 2603, 468, 6.72%, 0, 38, 35, 557.66
1638763735, 34, 2856, 2923, 2604, 468, 6.72%, 0, 38, 35, 560.78
1638763746, 34, 2857, 2924, 2604, 470, 6.72%, 0, 38, 35, 557.89
1638763751, 34, 2857, 2925, 2605, 470, 6.72%, 0, 38, 35, 553.45
1638763756, 34, 2857, 2925, 2605, 470, 6.72%, 0, 39, 35, 547.70
1638763766, 34, 2857, 2927, 2607, 470, 6.72%, 0, 39, 35, 549.01
1638763771, 34, 2857, 2928, 2608, 470, 6.72%, 0, 39, 35, 547.63
1638763828, 34, 2857, 2929, 2609, 470, 6.72%, 0, 39, 35, 562.80
1638763838, 34, 2857, 2930, 2610, 470, 6.72%, 0, 39, 35, 550.80
1638763843, 34, 2857, 2931, 2611, 470, 6.72%, 0, 39, 35, 558.30
1638763853, 34, 2857, 2932, 2612, 470, 6.72%, 0, 39, 35, 558.87
1638763863, 34, 2857, 2933, 2613, 470, 6.72%, 0, 39, 35, 533.37
1638763884, 34, 2857, 2934, 2614, 470, 6.72%, 0, 39, 35, 552.41
1638763899, 34, 2877, 2934, 2613, 470, 6.72%, 0, 39, 35, 565.99
1638763950, 34, 2901, 2938, 2616, 469, 6.73%, 0, 39, 35, 579.72
1638763955, 34, 2901, 2945, 2623, 469, 6.74%, 0, 39, 35, 567.04
1638763960, 34, 2901, 2946, 2624, 469, 6.74%, 0, 39, 35, 570.74
1638763970, 34, 2901, 2947, 2625, 469, 6.74%, 0, 39, 35, 570.26
1638764016, 34, 2901, 2950, 2628, 469, 6.74%, 0, 39, 35, 560.12
1638764021, 34, 2901, 2951, 2629, 469, 6.74%, 0, 39, 35, 561.39
1638764026, 34, 2901, 2955, 2633, 469, 6.74%, 0, 39, 35, 561.26
1638764031, 34, 2937, 2956, 2633, 472, 6.74%, 0, 39, 35, 559.66
1638764052, 34, 2937, 2958, 2635, 472, 6.74%, 0, 39, 35, 556.18
1638764067, 34, 2937, 2959, 2636, 472, 6.74%, 0, 39, 35, 560.72
1638764082, 34, 2937, 2960, 2637, 472, 6.74%, 0, 39, 35, 557.42
1638764098, 34, 2937, 2963, 2640, 472, 6.74%, 0, 39, 35, 564.20
1638764103, 34, 2937, 2964, 2641, 472, 6.75%, 0, 39, 35, 553.39
1638764108, 34, 2948, 2972, 2648, 472, 6.78%, 0, 39, 35, 558.57
1638764138, 34, 2948, 2974, 2650, 472, 6.78%, 0, 39, 35, 558.66
1638764144, 34, 2948, 2974, 2650, 472, 6.78%, 0, 40, 35, 566.12
1638764154, 34, 2963, 2976, 2651, 477, 6.78%, 0, 40, 35, 563.14
1638764215, 34, 2963, 2980, 2655, 477, 6.78%, 0, 40, 35, 585.61
1638764220, 34, 2963, 2981, 2656, 477, 6.78%, 0, 40, 35, 572.48
1638764230, 34, 2966, 2983, 2657, 476, 6.78%, 0, 40, 35, 566.99
1638764240, 34, 2966, 2984, 2658, 476, 6.78%, 0, 40, 35, 570.24
1638764301, 34, 2970, 2986, 2659, 477, 6.79%, 0, 40, 35, 583.89
1638764327, 34, 2970, 2989, 2662, 477, 6.79%, 0, 40, 35, 585.55
1638764342, 34, 2981, 2990, 2662, 478, 6.79%, 0, 40, 35, 575.98
1638764348, 34, 2981, 2991, 2663, 478, 6.79%, 0, 40, 35, 586.20
1638764404, 34, 2981, 2993, 2665, 478, 6.79%, 0, 40, 35, 573.07
1638764409, 34, 2981, 2995, 2667, 478, 6.79%, 0, 40, 35, 592.66
1638764414, 34, 2995, 2998, 2669, 475, 6.80%, 0, 40, 35, 598.35
1638764419, 34, 2995, 3000, 2671, 475, 6.80%, 0, 40, 35, 589.74
1638764424, 34, 2995, 3002, 2673, 475, 6.80%, 0, 40, 35, 587.95
1638764435, 34, 2995, 3004, 2675, 475, 6.80%, 0, 40, 35, 591.13
1638764460, 34, 2995, 3005, 2676, 475, 6.80%, 0, 40, 35, 598.78
1638764476, 34, 2995, 3006, 2677, 475, 6.80%, 0, 40, 35, 602.34
1638764481, 34, 2995, 3007, 2678, 475, 6.80%, 0, 41, 35, 597.17
1638764486, 35, 2936, 3007, 2677, 476, 6.80%, 0, 41, 35, 45.38
1638764496, 35, 2936, 3008, 2678, 476, 6.80%, 0, 41, 35, 582.73
1638764547, 35, 2936, 3009, 2679, 476, 6.80%, 0, 41, 35, 565.58
1638764563, 35, 2985, 3009, 2678, 475, 6.80%, 0, 41, 35, 575.60
1638764593, 35, 2985, 3010, 2679, 475, 6.80%, 0, 41, 35, 568.32
1638764598, 35, 2985, 3011, 2680, 475, 6.80%, 0, 41, 35, 566.36
1638764609, 35, 3000, 3013, 2681, 474, 6.80%, 0, 41, 35, 599.72
1638764649, 35, 3000, 3014, 2682, 474, 6.80%, 0, 41, 35, 568.88
1638764654, 36, 1795, 3014, 2681, 474, 6.80%, 0, 41, 35, 573.00
1638764675, 36, 1795, 3015, 2682, 474, 6.80%, 0, 41, 35, 572.22
1638764715, 36, 1795, 3016, 2683, 474, 6.80%, 0, 41, 35, 578.54
1638764726, 36, 2177, 3021, 2687, 473, 6.80%, 0, 41, 35, 564.12
1638764751, 36, 2177, 3022, 2688, 473, 6.80%, 0, 41, 35, 572.20
1638764782, 36, 2177, 3023, 2689, 473, 6.80%, 0, 41, 35, 598.29
1638764797, 36, 2177, 3024, 2690, 473, 6.80%, 0, 41, 35, 579.77
1638764802, 36, 2177, 3026, 2692, 473, 6.80%, 0, 41, 35, 592.44
1638764808, 36, 2269, 3026, 2691, 473, 6.80%, 0, 41, 35, 592.03
1638764853, 36, 2269, 3027, 2692, 473, 6.80%, 0, 41, 35, 579.43
1638764920, 36, 2271, 3027, 2691, 472, 6.80%, 0, 41, 35, 597.16
1638764971, 36, 2271, 3028, 2692, 472, 6.80%, 0, 41, 36, 580.13
1638765038, 36, 2271, 3031, 2695, 472, 6.80%, 0, 41, 36, 573.86
1638765043, 36, 3028, 3040, 2703, 471, 6.80%, 0, 41, 37, 514.16
1638765048, 36, 3028, 3043, 2706, 471, 6.80%, 0, 41, 37, 518.20
1638765063, 36, 3028, 3044, 2707, 471, 6.80%, 0, 41, 37, 503.71
1638765099, 36, 3028, 3045, 2708, 471, 6.80%, 0, 41, 37, 531.15
1638765104, 36, 3028, 3046, 2709, 471, 6.80%, 0, 41, 37, 521.85
1638765114, 36, 3028, 3048, 2711, 471, 6.80%, 0, 41, 37, 553.94
1638765125, 36, 3028, 3048, 2711, 471, 6.80%, 1, 41, 37, 548.63
1638765130, 37, 2308, 3048, 2710, 470, 6.80%, 1, 41, 37, 572.14
1638765165, 37, 2308, 3049, 2711, 470, 6.81%, 1, 41, 37, 567.68
1638765170, 37, 2308, 3050, 2712, 470, 6.81%, 1, 41, 37, 564.65
1638765176, 37, 3048, 3051, 2712, 471, 6.81%, 1, 41, 37, 552.25
1638765242, 37, 3048, 3052, 2713, 471, 6.81%, 1, 41, 37, 573.08
1638765247, 37, 3049, 3053, 2713, 470, 6.81%, 1, 41, 37, 592.69
1638765268, 37, 3049, 3054, 2714, 470, 6.82%, 1, 41, 37, 603.55
1638765273, 37, 3049, 3055, 2715, 470, 6.82%, 1, 41, 37, 593.87
1638765278, 37, 3053, 3055, 2714, 472, 6.82%, 1, 41, 37, 592.80
1638765283, 37, 3053, 3056, 2715, 472, 6.82%, 1, 41, 37, 591.15
1638765330, 37, 3053, 3059, 2718, 472, 6.82%, 1, 41, 37, 591.89
1638765335, 37, 3053, 3062, 2721, 472, 6.82%, 1, 41, 37, 587.15
1638765340, 37, 3054, 3062, 2720, 471, 6.82%, 1, 41, 37, 593.92
1638765366, 37, 3054, 3064, 2722, 471, 6.82%, 1, 41, 37, 584.33
1638765371, 37, 3063, 3065, 2722, 470, 6.82%, 1, 41, 37, 580.81
1638765412, 37, 3063, 3067, 2724, 470, 6.82%, 1, 41, 37, 600.08
1638765422, 37, 3063, 3068, 2725, 470, 6.82%, 1, 41, 37, 573.53
1638765468, 37, 3063, 3069, 2726, 470, 6.82%, 1, 41, 37, 582.69
1638765473, 37, 3063, 3070, 2727, 470, 6.82%, 1, 41, 37, 586.48
1638765484, 38, 2484, 3071, 2727, 470, 6.82%, 1, 41, 37, 580.67
1638765540, 38, 2484, 3073, 2729, 470, 6.82%, 1, 41, 37, 574.58
1638765550, 38, 2484, 3074, 2730, 470, 6.82%, 1, 41, 37, 576.72
1638765555, 38, 2529, 3074, 2729, 469, 6.82%, 1, 41, 37, 572.54
1638765565, 38, 2529, 3075, 2730, 469, 6.82%, 1, 41, 37, 565.74
1638765616, 38, 2529, 3090, 2745, 469, 6.82%, 1, 41, 37, 577.80
1638765621, 38, 2529, 3092, 2747, 469, 6.83%, 1, 41, 37, 580.49
1638765626, 38, 3090, 3092, 2746, 466, 6.83%, 1, 41, 37, 566.39
1638765631, 38, 3090, 3094, 2748, 466, 6.83%, 1, 41, 37, 563.27
1638765636, 38, 3090, 3095, 2749, 466, 6.83%, 1, 41, 37, 562.89
1638765642, 38, 3090, 3096, 2750, 466, 6.83%, 1, 41, 37, 561.09
1638765677, 38, 3090, 3098, 2752, 466, 6.83%, 1, 41, 37, 548.03
1638765692, 38, 3090, 3099, 2753, 466, 6.83%, 1, 41, 37, 560.59
1638765698, 38, 3090, 3100, 2754, 466, 6.83%, 1, 41, 37, 561.06
1638765708, 38, 3098, 3105, 2758, 466, 6.85%, 1, 41, 37, 563.45
1638765713, 38, 3098, 3106, 2759, 466, 6.85%, 1, 41, 37, 557.34
1638765738, 38, 3098, 3107, 2760, 466, 6.85%, 1, 41, 37, 571.75
1638765769, 38, 3098, 3108, 2761, 466, 6.86%, 1, 41, 37, 572.77
1638765789, 38, 3098, 3108, 2761, 466, 6.86%, 1, 42, 37, 564.81
1638765794, 38, 3107, 3109, 2761, 467, 6.86%, 1, 42, 37, 578.47
1638765800, 38, 3107, 3112, 2764, 467, 6.86%, 1, 42, 37, 586.59
1638765810, 38, 3107, 3113, 2765, 467, 6.86%, 1, 42, 37, 574.28
1638765815, 38, 3107, 3114, 2766, 467, 6.86%, 1, 42, 37, 578.72
1638765825, 38, 3107, 3115, 2767, 467, 6.86%, 1, 42, 37, 586.20
1638765835, 38, 3107, 3116, 2768, 467, 6.86%, 1, 42, 37, 591.10
1638765866, 38, 3107, 3119, 2771, 467, 6.86%, 1, 42, 37, 581.72
1638765876, 38, 3111, 3119, 2770, 468, 6.86%, 1, 42, 37, 573.69
1638765886, 38, 3111, 3120, 2771, 468, 6.86%, 1, 42, 37, 579.56
1638765902, 38, 3111, 3122, 2773, 468, 6.86%, 1, 42, 37, 560.38
1638765953, 38, 3111, 3126, 2777, 468, 6.86%, 1, 43, 37, 98.71
1638765958, 39, 2815, 3127, 2777, 467, 6.86%, 1, 43, 37, 572.03
1638766004, 39, 2831, 3129, 2778, 466, 6.87%, 1, 43, 37, 519.55
1638766009, 39, 2831, 3130, 2779, 466, 6.87%, 1, 43, 37, 524.72
1638766014, 39, 2831, 3132, 2781, 466, 6.87%, 1, 43, 37, 514.46
1638766020, 39, 2831, 3133, 2782, 466, 6.87%, 1, 43, 37, 514.05
1638766030, 39, 2831, 3133, 2782, 466, 6.87%, 1, 44, 37, 448.68
1638766050, 39, 2831, 3134, 2783, 466, 6.87%, 1, 44, 37, 511.59
1638766060, 39, 2831, 3135, 2784, 466, 6.87%, 1, 44, 37, 505.55
1638766070, 39, 2831, 3137, 2786, 466, 6.87%, 1, 44, 37, 572.10
1638766076, 39, 2831, 3140, 2789, 466, 6.87%, 1, 44, 37, 583.97
1638766081, 39, 2831, 3142, 2791, 466, 6.87%, 1, 44, 37, 588.60
1638766086, 39, 3127, 3144, 2792, 465, 6.87%, 1, 44, 37, 548.58
1638766131, 39, 3127, 3145, 2793, 465, 6.87%, 1, 44, 37, 483.72
1638766147, 39, 3127, 3146, 2794, 465, 6.87%, 1, 44, 37, 470.01
1638766157, 39, 3127, 3147, 2795, 465, 6.87%, 1, 44, 37, 580.57
1638766162, 39, 3127, 3149, 2797, 465, 6.87%, 1, 44, 37, 583.11
1638766167, 39, 3147, 3149, 2796, 464, 6.87%, 1, 44, 37, 596.95
1638766172, 39, 3147, 3150, 2797, 464, 6.87%, 1, 44, 37, 571.51
1638766366, 39, 3147, 3152, 2799, 464, 6.87%, 1, 44, 37, 541.34
1638766371, 39, 3147, 3153, 2800, 464, 6.87%, 1, 44, 37, 555.71
1638766407, 39, 3147, 3154, 2801, 464, 6.87%, 1, 44, 37, 553.94
1638766422, 39, 3147, 3156, 2803, 464, 6.87%, 1, 44, 37, 578.34
1638766433, 40, 2934, 3157, 2803, 464, 6.87%, 1, 44, 37, 1.72
1638766438, 40, 2934, 3158, 2804, 464, 6.87%, 1, 44, 37, 570.31
1638766468, 40, 2934, 3159, 2805, 464, 6.87%, 1, 44, 37, 570.35
1638766473, 40, 2934, 3160, 2806, 464, 6.87%, 1, 44, 37, 572.42
1638766478, 40, 2934, 3161, 2807, 464, 6.87%, 1, 44, 37, 586.69
1638766484, 40, 2944, 3161, 2806, 462, 6.87%, 1, 44, 37, 569.15
1638766489, 40, 2944, 3162, 2807, 462, 6.87%, 1, 44, 37, 563.02
1638766545, 40, 2944, 3165, 2810, 462, 6.87%, 1, 44, 37, 583.36
1638766550, 40, 2944, 3168, 2813, 462, 6.87%, 1, 44, 37, 579.43
1638766560, 40, 2960, 3172, 2816, 461, 6.87%, 1, 44, 37, 564.41
1638766575, 40, 2960, 3173, 2817, 461, 6.87%, 1, 44, 37, 575.53
1638766586, 40, 2960, 3174, 2818, 461, 6.87%, 1, 44, 37, 569.72
1638766626, 40, 2960, 3176, 2820, 461, 6.87%, 1, 44, 37, 588.28
1638766632, 40, 3170, 3176, 2819, 461, 6.87%, 1, 44, 37, 583.68
1638766667, 40, 3170, 3179, 2822, 461, 6.87%, 1, 44, 37, 570.69
1638766672, 40, 3170, 3180, 2823, 461, 6.87%, 1, 44, 37, 577.62
1638766677, 40, 3170, 3186, 2829, 461, 6.87%, 1, 44, 37, 586.26
1638766683, 41, 528, 3187, 2829, 460, 6.87%, 1, 44, 37, 574.89
1638766688, 41, 1052, 3188, 2829, 459, 6.87%, 1, 44, 37, 571.83
1638766693, 41, 1052, 3190, 2831, 459, 6.88%, 1, 44, 37, 591.66
1638766729, 41, 1052, 3191, 2832, 459, 6.88%, 1, 44, 37, 590.46
1638766760, 41, 1052, 3195, 2836, 459, 6.88%, 1, 44, 37, 579.45
1638766765, 41, 3190, 3196, 2836, 460, 6.88%, 1, 44, 37, 586.68
1638766800, 41, 3190, 3196, 2836, 460, 6.88%, 1, 45, 37, 95.51
1638766806, 41, 3190, 3198, 2838, 460, 6.88%, 1, 45, 37, 549.06
1638766811, 41, 3195, 3198, 2837, 460, 6.88%, 1, 45, 37, 566.61
1638766841, 41, 3195, 3202, 2841, 460, 6.88%, 1, 46, 37, 563.29
1638766846, 41, 3195, 3203, 2842, 460, 6.88%, 1, 46, 37, 574.00
1638766851, 41, 3195, 3204, 2843, 460, 6.88%, 1, 46, 37, 579.82
1638766856, 42, 1374, 3205, 2843, 459, 6.88%, 1, 46, 37, 551.57
1638766877, 42, 1374, 3206, 2844, 459, 6.88%, 1, 46, 37, 585.22
1638766917, 42, 1374, 3207, 2845, 459, 6.88%, 1, 46, 37, 568.99
1638766923, 42, 1382, 3207, 2844, 458, 6.88%, 1, 46, 37, 550.08
1638766933, 42, 1382, 3208, 2845, 458, 6.88%, 1, 46, 37, 582.71
1638766948, 42, 1382, 3209, 2846, 458, 6.88%, 1, 46, 37, 589.16
1638766979, 42, 1382, 3210, 2847, 458, 6.88%, 1, 46, 37, 577.82
1638766984, 42, 1409, 3210, 2846, 457, 6.88%, 1, 46, 37, 573.80
1638767000, 42, 1409, 3211, 2847, 457, 6.88%, 1, 46, 37, 588.06
1638767036, 42, 1409, 3212, 2848, 457, 6.88%, 1, 46, 37, 590.19
1638767041, 42, 1416, 3217, 2852, 456, 6.88%, 1, 46, 37, 588.15
1638767066, 42, 1416, 3218, 2853, 456, 6.88%, 1, 46, 37, 583.24
1638767102, 42, 1416, 3222, 2857, 456, 6.88%, 1, 46, 37, 550.22
1638767107, 42, 1416, 3222, 2857, 456, 6.88%, 1, 47, 37, 573.75
1638767112, 42, 3213, 3222, 2856, 456, 6.88%, 1, 47, 37, 66.83
1638767154, 42, 3213, 3227, 2861, 456, 6.88%, 1, 48, 37, 88.89
1638767159, 42, 3224, 3228, 2861, 456, 6.88%, 1, 48, 37, 565.56
1638767169, 42, 3224, 3229, 2862, 456, 6.88%, 1, 48, 37, 550.55
1638767195, 42, 3224, 3230, 2863, 456, 6.88%, 1, 48, 37, 538.81
1638767205, 42, 3224, 3231, 2864, 456, 6.88%, 1, 48, 37, 537.09
1638767220, 42, 3224, 3232, 2865, 456, 6.88%, 1, 48, 37, 550.92
1638767226, 42, 3224, 3233, 2866, 456, 6.88%, 1, 48, 37, 544.44
1638767241, 42, 3224, 3234, 2867, 456, 6.88%, 1, 48, 37, 558.91
1638767246, 42, 3224, 3235, 2868, 456, 6.88%, 1, 48, 37, 559.33
1638767261, 43, 1472, 3236, 2868, 456, 6.88%, 1, 49, 37, 567.48
1638767297, 43, 1472, 3238, 2870, 456, 6.88%, 1, 49, 37, 573.21
1638767307, 43, 1476, 3240, 2871, 455, 6.88%, 1, 49, 37, 585.86
1638767348, 43, 1476, 3242, 2873, 455, 6.88%, 1, 49, 37, 566.53
1638767353, 43, 1711, 3242, 2872, 454, 6.88%, 1, 49, 37, 569.43
1638767373, 43, 1711, 3243, 2873, 454, 6.88%, 1, 49, 37, 577.78
1638767424, 43, 1717, 3244, 2873, 454, 6.88%, 1, 49, 37, 571.85
1638767439, 43, 1717, 3245, 2874, 454, 6.88%, 1, 49, 37, 567.44
1638767480, 43, 1717, 3247, 2876, 454, 6.88%, 1, 49, 37, 566.86
1638767490, 43, 1739, 3247, 2875, 453, 6.88%, 1, 49, 37, 570.39
1638767495, 43, 1739, 3248, 2876, 453, 6.88%, 1, 49, 37, 571.65
1638767500, 43, 1739, 3249, 2877, 453, 6.89%, 1, 49, 37, 561.82
1638767547, 43, 1739, 3250, 2878, 453, 6.89%, 1, 49, 37, 580.99
1638767552, 43, 3248, 3250, 2877, 453, 6.89%, 1, 49, 37, 593.32
1638767903, 43, 3248, 3252, 2879, 453, 6.89%, 1, 49, 37, 600.80
1638767908, 43, 3250, 3252, 2878, 454, 6.89%, 1, 49, 37, 598.66
1638767929, 43, 3250, 3253, 2879, 454, 6.89%, 1, 49, 37, 582.17
1638767965, 43, 3250, 3256, 2882, 454, 6.89%, 1, 49, 37, 608.18
1638767975, 43, 3255, 3258, 2883, 452, 6.89%, 1, 49, 37, 602.27
1638767980, 43, 3255, 3259, 2884, 452, 6.89%, 1, 49, 37, 593.15
1638767985, 43, 3255, 3261, 2886, 452, 6.89%, 1, 49, 37, 591.86
1638767996, 43, 3255, 3262, 2887, 452, 6.89%, 1, 49, 37, 581.32
1638768031, 43, 3257, 3262, 2886, 451, 6.89%, 1, 49, 37, 573.59
1638768072, 43, 3257, 3263, 2887, 451, 6.89%, 1, 49, 37, 538.98
1638768077, 44, 3256, 3264, 2887, 450, 6.89%, 1, 49, 37, 89.89
1638768082, 44, 3256, 3265, 2888, 450, 6.91%, 1, 49, 37, 563.34
1638768123, 44, 3256, 3267, 2890, 450, 6.91%, 1, 49, 37, 577.57
1638768129, 45, 2203, 3267, 2889, 450, 6.91%, 1, 49, 37, 598.11
1638768164, 45, 2203, 3268, 2890, 450, 6.91%, 1, 49, 37, 592.12
1638768195, 45, 2203, 3269, 2891, 450, 6.91%, 1, 49, 37, 595.33
1638768205, 45, 2220, 3270, 2891, 449, 6.91%, 1, 49, 37, 591.55
1638768211, 45, 2220, 3270, 2891, 449, 6.91%, 2, 49, 37, 584.18
1638768297, 45, 2220, 3271, 2892, 449, 6.91%, 2, 49, 37, 594.91
1638768303, 45, 2220, 3273, 2894, 449, 6.91%, 2, 49, 37, 584.44
1638768308, 45, 2220, 3274, 2895, 449, 6.91%, 2, 49, 37, 598.79
1638768313, 45, 2313, 3274, 2894, 449, 6.91%, 2, 49, 37, 604.56
1638768338, 45, 2313, 3275, 2895, 449, 6.91%, 2, 49, 37, 592.64
1638768389, 45, 2397, 3276, 2895, 448, 6.91%, 2, 49, 37, 573.23
1638768455, 45, 2397, 3278, 2897, 448, 6.91%, 2, 49, 37, 573.95
1638768460, 45, 2516, 3278, 2896, 447, 6.91%, 2, 49, 37, 587.66
1638768506, 45, 2525, 3278, 2895, 446, 6.91%, 2, 49, 37, 592.75
1638768548, 45, 2698, 3278, 2894, 445, 6.91%, 2, 49, 37, 552.71
1638768599, 45, 2837, 3278, 2893, 444, 6.91%, 2, 49, 37, 592.24
1638768639, 45, 2837, 3279, 2894, 444, 6.91%, 2, 49, 37, 583.75
1638768644, 45, 2969, 3279, 2893, 443, 6.91%, 2, 49, 37, 565.47
1638768685, 45, 2969, 3281, 2895, 443, 6.91%, 2, 49, 37, 586.92
1638768690, 45, 3210, 3281, 2894, 442, 6.91%, 2, 49, 37, 580.08
1638768721, 45, 3210, 3284, 2897, 442, 6.91%, 2, 49, 37, 577.59
1638768727, 45, 3210, 3285, 2898, 442, 6.91%, 2, 49, 37, 568.36
1638768732, 45, 3210, 3286, 2899, 442, 6.91%, 2, 49, 37, 578.75
1638768737, 45, 3286, 3287, 2899, 442, 6.91%, 2, 49, 37, 598.89
1638768757, 45, 3286, 3288, 2900, 442, 6.91%, 2, 49, 37, 589.15
1638768767, 45, 3286, 3289, 2901, 442, 6.91%, 2, 49, 37, 602.29
1638768813, 45, 3288, 3289, 2900, 442, 6.91%, 2, 49, 37, 597.28
1638768818, 45, 3288, 3290, 2901, 442, 6.92%, 2, 49, 37, 601.79
1638768864, 45, 3289, 3292, 2902, 442, 6.92%, 2, 49, 37, 578.94
1638768880, 45, 3289, 3293, 2903, 442, 6.92%, 2, 49, 37, 589.84
1638768936, 45, 3289, 3294, 2904, 442, 6.92%, 2, 49, 37, 603.83
1638768941, 45, 3289, 3295, 2905, 442, 6.92%, 2, 49, 37, 612.53
1638768946, 45, 3292, 3295, 2904, 441, 6.92%, 2, 49, 37, 614.19
1638768951, 45, 3292, 3296, 2905, 441, 6.92%, 2, 49, 37, 605.87
1638768956, 45, 3292, 3297, 2906, 441, 6.92%, 2, 49, 37, 604.13
1638768967, 45, 3292, 3298, 2907, 441, 6.92%, 2, 49, 37, 584.39
1638769018, 45, 3292, 3298, 2907, 441, 6.92%, 2, 50, 37, 572.86
1638769023, 46, 941, 3299, 2907, 442, 6.92%, 2, 50, 37, 573.49
1638769064, 46, 941, 3301, 2909, 442, 6.93%, 2, 50, 37, 598.21
1638769070, 46, 941, 3302, 2910, 442, 6.93%, 2, 50, 37, 598.36
1638769075, 46, 3302, 3305, 2912, 441, 6.94%, 2, 50, 37, 70.04
1638769080, 46, 3302, 3307, 2914, 441, 6.94%, 2, 50, 37, 619.58
1638769121, 46, 3302, 3314, 2921, 441, 6.94%, 2, 50, 37, 594.97
1638769131, 47, 3300, 3316, 2922, 441, 6.94%, 2, 50, 37, 575.59
1638769151, 47, 3300, 3317, 2923, 441, 6.94%, 2, 50, 37, 594.69
1638769167, 47, 3300, 3318, 2924, 441, 6.95%, 2, 50, 37, 579.52
1638769177, 47, 3300, 3320, 2926, 441, 6.95%, 2, 51, 37, 95.24
1638769182, 47, 3300, 3325, 2931, 441, 6.95%, 2, 53, 37, 570.04
1638769187, 47, 3317, 3326, 2931, 442, 6.95%, 2, 53, 37, 561.92
1638769193, 47, 3317, 3327, 2932, 442, 6.95%, 2, 53, 37, 546.32
1638769203, 47, 3317, 3328, 2933, 442, 6.95%, 2, 53, 37, 537.82
1638769249, 47, 3319, 3329, 2933, 442, 6.95%, 2, 54, 37, 56.32
1638769254, 47, 3319, 3331, 2935, 442, 6.95%, 2, 54, 37, 368.83
1638769259, 47, 3319, 3333, 2937, 442, 6.95%, 2, 55, 37, 396.11
1638769264, 47, 3319, 3334, 2938, 442, 6.95%, 2, 55, 37, 331.40
1638769270, 47, 3319, 3335, 2939, 442, 6.95%, 2, 56, 37, 62.88
1638769301, 47, 3319, 3335, 2939, 442, 6.95%, 2, 57, 37, 339.58
1638769321, 47, 3319, 3336, 2940, 442, 6.95%, 2, 57, 37, 318.60
1638769331, 47, 3319, 3340, 2944, 442, 6.95%, 2, 57, 37, 492.12
1638769336, 47, 3319, 3341, 2945, 442, 6.95%, 2, 57, 37, 573.26
1638769342, 47, 3340, 3341, 2944, 443, 6.95%, 2, 57, 37, 580.47
1638769347, 47, 3340, 3342, 2945, 443, 6.95%, 2, 57, 37, 580.22
1638769392, 47, 3340, 3344, 2947, 443, 6.95%, 2, 57, 37, 579.10
1638769398, 47, 3340, 3346, 2949, 443, 6.95%, 2, 58, 37, 551.24
1638769403, 48, 3305, 3346, 2948, 442, 6.95%, 2, 58, 37, 607.54
1638769428, 48, 3305, 3349, 2951, 442, 6.95%, 2, 58, 37, 597.81
1638769433, 48, 3326, 3349, 2950, 441, 6.95%, 2, 58, 37, 599.21
1638769443, 48, 3326, 3351, 2952, 441, 6.95%, 2, 58, 37, 561.95
1638769449, 48, 3326, 3352, 2953, 441, 6.95%, 2, 58, 37, 571.93
1638769464, 48, 3326, 3353, 2954, 441, 6.95%, 2, 58, 37, 567.86
1638769489, 48, 3326, 3354, 2955, 441, 6.95%, 2, 58, 37, 581.54
1638769494, 48, 3331, 3354, 2954, 440, 6.95%, 2, 58, 37, 562.64
1638769499, 48, 3331, 3360, 2960, 440, 6.95%, 2, 58, 37, 597.16
1638769504, 48, 3331, 3362, 2962, 440, 6.95%, 2, 58, 37, 565.51
1638769509, 48, 3331, 3364, 2964, 440, 6.95%, 2, 59, 37, 472.38
1638769524, 48, 3331, 3366, 2966, 440, 6.95%, 2, 59, 37, 501.28
1638769540, 48, 3331, 3367, 2967, 440, 6.95%, 2, 59, 37, 526.53
1638769556, 48, 3331, 3368, 2968, 440, 6.95%, 2, 60, 37, 73.34
1638769561, 48, 3331, 3369, 2969, 440, 6.95%, 2, 64, 37, 250.00
1638769566, 48, 3331, 3370, 2970, 440, 6.95%, 2, 64, 37, 507.23
1638769571, 49, 990, 3371, 2970, 440, 6.96%, 2, 64, 37, 576.12
1638769576, 49, 990, 3372, 2971, 440, 6.96%, 2, 64, 37, 583.73
1638769612, 49, 990, 3373, 2972, 440, 6.96%, 2, 64, 37, 588.90
1638769638, 49, 990, 3375, 2974, 440, 6.96%, 2, 64, 37, 598.86
1638769643, 49, 990, 3377, 2976, 440, 6.96%, 2, 64, 37, 594.64
1638769648, 49, 1102, 3377, 2975, 440, 6.96%, 2, 64, 37, 581.46
1638769684, 49, 1102, 3378, 2976, 440, 6.96%, 2, 64, 37, 564.95
1638769689, 49, 1150, 3378, 2975, 439, 6.96%, 2, 64, 37, 586.23
1638769760, 49, 1253, 3378, 2974, 438, 6.96%, 2, 64, 37, 590.62
1638769791, 49, 1295, 3378, 2973, 437, 6.96%, 2, 64, 37, 560.36
1638769837, 49, 1295, 3379, 2974, 437, 6.96%, 2, 64, 37, 549.51
1638769842, 49, 1295, 3381, 2976, 437, 6.97%, 2, 64, 37, 554.32
1638769847, 49, 1295, 3382, 2977, 437, 6.97%, 2, 64, 37, 564.97
1638769852, 49, 1295, 3383, 2978, 437, 6.97%, 2, 64, 37, 581.62
1638769857, 49, 3379, 3383, 2977, 436, 6.97%, 2, 64, 37, 582.97
1638769899, 49, 3380, 3383, 2976, 435, 6.97%, 2, 64, 37, 596.05
1638769924, 49, 3380, 3385, 2978, 435, 6.97%, 2, 64, 37, 586.53
1638769929, 49, 3380, 3388, 2981, 435, 6.97%, 2, 64, 37, 591.67
1638769934, 49, 3380, 3390, 2983, 435, 6.97%, 2, 65, 37, 575.02
1638769940, 49, 3380, 3402, 2995, 435, 6.97%, 2, 66, 37, 98.71
1638769945, 49, 3400, 3403, 2995, 434, 6.97%, 2, 66, 37, 575.97
1638769955, 49, 3400, 3406, 2998, 434, 6.97%, 2, 66, 37, 546.39
1638769960, 49, 3400, 3408, 3000, 434, 6.97%, 2, 66, 37, 529.24
1638769965, 49, 3400, 3409, 3001, 434, 6.97%, 2, 66, 37, 530.40
1638769971, 49, 3400, 3410, 3002, 434, 6.97%, 2, 66, 37, 523.66
1638769981, 49, 3400, 3411, 3003, 434, 6.97%, 2, 66, 37, 495.29
1638770031, 50, 1325, 3411, 3002, 433, 6.97%, 2, 66, 37, 584.52
1638770037, 50, 1325, 3413, 3004, 433, 6.97%, 2, 66, 37, 572.55
1638770088, 50, 1325, 3414, 3005, 433, 6.97%, 2, 66, 37, 589.24
1638770093, 50, 1325, 3415, 3006, 433, 6.97%, 2, 67, 37, 572.46
1638770103, 50, 1337, 3415, 3005, 432, 6.97%, 2, 67, 37, 572.33
1638770108, 50, 1337, 3416, 3006, 432, 6.97%, 2, 67, 37, 589.41
1638770144, 50, 1471, 3417, 3006, 431, 6.97%, 2, 67, 37, 580.11
1638770179, 50, 1471, 3419, 3008, 431, 6.98%, 2, 67, 37, 563.29
