00000000000000000101010101010101010101010000000001010101010101010000000001010000010101010101010101010101000000010101010100000100010101010101010101010101010101010101010101010001010101010101010001010100010001010101010101010000000504
00000000000000000101010101010101010101010000000001010101010101010000000001010000010101010101010101010101000000010101010100000100050505050505050505050505050505050505050505050505050505050505050505050505050505050505050505050505050504
00000000000000000101010101010101010101010000000001010101010101010000000001010000010101010101010101010101000000010101010100000100050505050505050505050505050505050505050505050505050505050505050505050505050505050505050505050505050504
00000000000000000101010101010101010101010000000001010101010101010000000001010000010101010101010101010101000000010101010100000100010101010101010101010101010101010101010101010001010101010101010001010100010001010101010101010000000504
00000000000000000101010101010101010101010000000001010101010101010000000001010000010101010101010101010101000005050405050505050505050505050505050505050505050505050505050505050505050505050505050505050505050505050505050505050505050504
000000000000000003010101010101010101010100000000010101010101010100000000010100000101010101010101010101030000000303010303030303030303030303030303030302070707070707070707070707070707070707070707070707070707070707070707070707070707070704
00000000000000000101010101010101010101010000000001010101010101010000000005050000050505050505050505050505050505050505050505050505050505050505050505050505050505050505050505050505050505050505050505050505050505050505050505050505050504
00000000000000000101010101010101010101010000000001010101010101010000000005050000050505050505050505050505050505050505050505050505050505050505050505050505050505050505050505050505050505050505050505050505050505050505050505050505050504
00000000000000000101010101010101010101010000000001010101010101010000000005050000050505050505050505050505000005050505050505050505050505050505050505050505050505050505050505050505050505050505050505050505050505050505050505050505050504
0000000000000000010101010101010101010101000000000101010101010101000000000101000001010101010101010101010100000001010101010000010007070707070707070707070707070707070707070707070707070707070707070707070707070707070707070707070707070707070707070707070707070707070704
00000000000000000101010101010101010101010002020207070707070707070707070707070707070707070707070707070707070707070707070707070707070707070707070707070707070707070707070707070707070707070707070707070707070707070707070707070707070704
00000000000000000101010101010101010101010000000001010101010101010000000005050000050505050505050505050505050505050505050505050505050505050505050505050505050505050505050505050505050505050505050505050505050505050505050505050505050504
00000000000000000101010101010101010101010000000001010101010101010000000001010000010101010101010101010101000000010101010100000100070707070707070707070207070707070707070707070707070707070707070707070707070707070707070707070707070707070707070707070707070707070707070704
000000000000000001010101010101010101010100000000010101010101010100000000050702020707070707070707070707070207070707070707070707070707070707070707070707070707070707070707070707070707070707070707070707070707070707070707070707070707070704
00000000000000000101010101010101010101010000000001010101010101010000000001010000010101010101010101010101000000050101010100000100050505050505050505050505050505050505050505050505050505050505050505050505050505050505050505050505050504
00000000000000000101010101010101010101010000000001010101010101010000000005050000050505050505050505050505050507050505050505050505050505050505050505050505050505050505050505050505050505050505050505050505050505050505050505050505050504
00000000000000000101050101010101010101010000000001010101010101010400000001010000010101010101010101010101000000010101010100000100010101010101010101010101010101010101010101010005050505050505010005050505050505050005050505050505050504
00000000000000000101010101010101010101010000000001010101010101010000000001010000010101010101010101010101000000010000010100000100010101010101010101010101010100000000000005050505050505050505050505050505050505050505050505050505050504
00000000000000000101010101010101010101010000000001010101010101010000000001010000010101010101010101010101000000010000010100000100050505050505050505050505050505050505050505050505050505050505050505050505050505050505050505050505050504
00000000000000000101010101010101010101010000000001010101010101010000000005050000050505050505050505050505050505050505050505050505050505050505050505050505050505050505050505050505050505050505050505050505050505050505050505050505050504
00000000000000000101010101010101010101010000000001010101010101010000000005050000050505050505050505050505050505050505050505050505050505050505050505050505050505050505050505050505050505050505050505050505050505050505050505050505050504
00000000000000000101010101010101010101010000000001010101010101010000000001010000010101010000000000000101010101010101010101010101010101010101010101010101000405050504050505050505050505050505050505050505050505050505050505050505050504
00000000000000000101010101010101010101010000000001010101010101010000000001010000010101010000000001010101010101010101010101010101010101010101010101010101010101010101010101010101000005050505050505050505050505050505050505050505050504
00000000000000000101010101010101010101010000000001010101010101010004000001010000010101010000000001010101010101000001010101010101010101050101010101010101010101010100000505050505050505050505050505050505050505050505050505050505050504
00000000000000000101010101010101010101010000000001010101010101010000000001010000010101010000000001010101010101010101010101010000050505050505050505050505050505050505050505050505050505050505050505050505050505050505050505050505050504
00000000000000000101010101010101010101010000000001010101010101010000000001010000010101010000000001010105010101010101010101010101010101010101010501010004050505050505050505050505050505050505050505050505050505050505050505050505050504
00000000000000000101010101010101000000000000000001010101010101010000000005050000050505050505050505050505000005050505050505050505050505050505050505050505050505050505050505050505050505050505050505050505050505050505050505050505050504
00000000000000000101010101010101010101010000000001010101010101010000000001010000010101010101010101010101000001000505050505050505050505050505050505050505050505050505050505050505050505050505050505050505050505050505050505050505050504
0000000000000000010101010101010101010101000000000101010101010101000000000101000001010101010101010101010100000001010301010000010001010101010101010101000707070707070707070707070707070707070707070707070707070707070707070707070707070707070707070707070707070707070704
0000000000000000010101010101010101010101000000000101010101010101000000000101000001010101010101010101010100000001010101010000010001010101050101010101000303030303030302070707070707070707070707070707070707070707070707070707070707070707070707070707070707070707070704
0000000000000000010101010101010101010101000000000101010101010101000000000101000001010101010101010101010100000001010101010000010001010101010101010101000707070707070707070707070707070707070707070707070707070707070707070707070707070707070707070707070707070707070704
0000000000000000010101010101010101010101000000000101010101010101000000000101000001010101010101010101010100000001010101010000010001010101010101010101000707070707070707070707070707070707070707070707070707070707070707070707070707070707070707070707070707070707070704
00000000000000000101010101010101010101010000000001010101010101010000000005050000050505050505050505050505050505050505050505050505050505050505050505050505050505050505050505050505050505050505050505050505050505050505050505050505050504
00000000000000000101010101010101010101010000000001010101010101010000000005050000000505050505050505050505050505050505050505050505050505050505050505050505050505050505050705050505050505050505050505070505050505050505050505050505050504
00000000000000000101010101010101010101010002020207070707070707070707070707070707070707070707070707070707070707070707070707070707070707070707070707070707070707070707070707070707070707070707070707070707070707070707070707070707070704
0004000000000000010101010101010101010101000000000105010101010101000000000101000001010101010101010002070707070707070707070707070707070707070707070707070707070707070707070707070707070707070707070707070707070707070707070707070707070704
00000000000000000101010101010101010101010200000001010101010101010000000001010000010101010101010101010101000000010101010100000100070707070707070707070207070707070707070707070707070707070707070707070707070707070707070707070707070707070707070707070707070707070707070704
000000000000000001010101010101010101010100000000010101010101010100000000010100000101010101010101010101010000070707070707070707070707070707070707070707070707070707070707070707070707070707070707070707070707070707070707070707070707070704
000000000000000001010101010101010101010100000000010101010101010100000000010102000101010101010101010101010000070707070707070707070707070707070707070707070707070707070707070707070707070707070707070707070707070707070707070707070707070704
000000000000000001010101010101010101010100000000010101010101010100000000010100000101010101010101010101010000010007070707070707070707070707070707070707070707070707070707070707070707070707070707070707070707070707070707070707070707070704
000000000000000001010101010101010101010100000000010101010101010100000000010100000101010101010101010101010000070707070707070707070707070707070707070707070707070707070707070707070707070707070707070707070707070707070707070707070707070704
000000000000000001010101010101010101010100000000010101010101010100000000010100000101010101010101010101010000070707070707070707070707070707070707070707070707070707070707070707070707070707070707070707070707070707070707070707070707070704
000000000000000001010101010101010101010100000000010101010101010100000000010100000101010101010101010101010000070707070707070707070707070707070707070707070707070707070707070707070707070707070707070707070707070707070707070707070707070704
00000000000000000101010101010101010101010000000001010101010101010000000001010000010101010101010101010101000000010301010100000100050505050505050505050505050505050505050505050505050505050505050505050505050505050505050505050505050504
00000000000000000101010101010101010101010000000001010101010101010000000005050000050505050505050505050505050505050505050505050505050505050505050505050505050505050505050505050505050505050505050505050505050505050505050505050505050504
00000000000000000101010101010101000000000000000001010101010101010000000001010000010101010101010101010101000000010101010100000100010101010101010101010101010101010101010101010005050505050505050005050505050505050005050505050505050504
00000000000000000101010101010101010101010000000001010101010101010000000001010000010101010101010101010101000000010101010102000100010101010101010101010101010101010101010101010001010101010101010001010101010101000005050505050505050504
00000000000000000101010101010101000000000000000001010101010101010000000001010000010101010101010101010101000000010101010100000100050505050505050505050505050505050505050505050505050500050505050505050505050505050505050505050505050504
00000000000000000101010101010101010101010000000001010101010101010000000005050400050505050505050505050505050505050505050505050505050505050505050505050505050505050505050505050505050505050505050505050505050505050505050505050505050504
00020000000000000101010101010101010101010000000001010101010101010000000005050000050505050505050505050505050505050505050505050705050505050505050505050505050505050505050505050505050505050505050505050505050505050505050505050505050504
00000000000000000101010101010101010101010000000001010101010101010000000001010000010101010000000001010101010101010101010101010101010101010101010101010101010101010000050505050505050505050505050505050505050505050505050505050505050504
00000000000000000101010101010101010101010000000001010101010101010000000001010000010101010000000000040505050505050505050505050505050505050505050505050505050505050505050505050505050505050505050505050505050505050505050505050505050504
00000000000000000101010101010101010101010000000001010101010101010000000001010000010101010000000000000505050505050505050505050505050505050505050505050505050505050505050505050505050505050505050505050505050505050505050505050505050504
000000000000000001010101010101010101010100000000010101010101010100000000010100000101010100000000020607070707070707070707070707070707070707070707070707070702070707070707020707070707070707070707070707070707070707070707070707070707070707070707070707070707070707070704
00000000000000000101010101010101010101010000000001010101010101010000000001010000010101010000000001010101010101010101010101010101010101010101010101010101010101010101030101010101010004050505050505050505050505050505050505050505050504
00000000000000000101010101010101010101010000000001010101010101010000000001010000010101010000000001010101010101000001010101010101010101010101010101010101010101010101010101010101010101010000000505050505050505050505050505050505050504
00000000000000000101010101010101010101010000000001010101010101010000000000000000010101010101010101010101000001000505050505050505050505050505050505050505050505050505050505050505050505050505050505050505050505050505050505050505050504
0000000000000000010101010101010101010101000000000101010101010101000000000101000001010101010101010101010100000001000001010000010001010101010101010101000707070707070707070707070707070707070707070707070707070707070707070707070707070707070707070707070707070707070704
000000000000000001010101010101010101010100000000010101010101010100000000010100000101010101010101010101010000000101010101000001000101010101010101010100000707070707070707070707070707070707070707070707070707070707070707070707070707070707070707070707070707070707070704
0000040000000000010101010101010101010101000000000101010101010101000000000101000005010101010101010101010100000001000001010000010001010105010101010101000707070707070707070707070707070707070707070707070707070707070707070707070707070707070707070707070707070707070704
0000000000000000010101010101010101010101000000000101010101010101000000000101000001010101010101010101010100000001000001010000010001010101010101010101000707070707070707070707070707070707070707070707070707070707070707070707070707070707070707070707070707070707070704
0000000000000000010101010101010101010101000000000101010101010101000000000101000001010301010101010101010100000001010101010000010001010101030101010101000101010101010100070707070707070707070707070707070707070707070707070707070707070707070707070707070707070707070704
000000000000000001010101010101010101010100000000010101010101010100000000010100000101010101010101010101010000000101010101000001000101010101010101010100000101000707070707070707070707070707070707070707070707070707070707070707070707070704
0000000000000000010101010101010101010101000000000101010101010101000000000101000001010101010101010101010100000001010101010000010001010101010101010101000001010007070707070707070707070707070707070707070707070707070707070707070707070707070707070707070707070707070704
0000000000000000010101010101010101010101000000000101010101010101000000000101000001010101010101010101010100000001010101010000010001010101010101010101000407070707070707070707070707070707070707070707070707070707070707070707070707070707070707070707070707070707070704
00000000000000000101050101010101010101010000000001010101010101010000000001010000010100000505050505050505050505050505050505050505050505050505050505050505050505050505050505050505050505050505050505050505050505050505050505050505050504
00000000000000000101010101010101010101010000000001010101010101010000000005050000050000040505050505050505050505050505050505050505050505050505050505050505050505050505050505050505050505050505050505050505050505050505050505050505050504
00000000000000000101010101010101010101010000000001010101010101010000000005050000050505050505050505050505050505050505050505050505050505050505050505050505050505050505050505050505050505050505050505050505050505050505050505050505050504
00000000000000000101010101010101010101010000000001010101010101010000000005050000050505050505050505050505050505050505050505050505050505050505050505050505050505050505050505050505050505050505050505050505050505050505050505050505050504
00000000000000000301050101010101010101010003020207070707070707070707070707070707070707070707070707070707070707070707070707070707070707070707070707070707070707070707070707070707070707070707070707070707070707070707070707070707070704
00000000000000000101010101010101010101010000000001010101010101010002000001010000000400000505050505050505050505050505050505050505050505050505050505050505050505050505050505050505050505050505050505050505050505050505050505050505050504
0000000000000000010101010101010101010101000000000101010101010101000000000101000001010101010101010000070707070707070707070707070707070707070707070707070707070707070707070707070707070707070707070707070707070707070707070707070707070704
0000000000000000010101010101010101010101000000000101010101010101000000000101000001010101010101010000070707070707070707070707070707070707070707070707070707070707070707070707070707070707070707070707070707070707070707070707070707070704
00000000000000000101010101010101010101010000000001010101010101010000000001050000010101010101010101010101000000010501010100000100070707070707070707070707070707070707070707070707070707070707070707070707070707070707070707070707070707070707070707070707070707070707070704
000000000000000001010101010101010101010100000000010101010101010100000000010100000101010101010101010101010000000101010101000001000101010101010101010100070707070707070707070707070707070707070707070707070707070707070707070707070707070707070707070707070707070707070704
00000000000000000101010101010101010101010000000001010101010101010000000001010000010101010101010101010101000000010101010100000100070707070707070707070207070707070707070707070707070707070707070707070707070707070707070707070707070707070707070707070707070707070707070704
000000000000000001010101010101010101010100000000010101010101050100000000010100000101010101010101010101010000010100000001010101010000010007070707070707070707070707070707070707070707070707070707070707070707070707070707070707070707070704
000000000000000001010101010101010101010100000000010101010101010100000000010100000101010101010101010101010000010100010101000101050005050500050505000505050405050500070707070702070707070707070707070707070707070707070707070707070707070704
00000000000000000101010101010101010101010000000001010101010101010000000001010000010101010101010101010101000001000202070702020707070707070707070707070707070707070707070707070707070707070707070707070707070707070707070707070707070707070707070707070707070707070707070704
00000000000000000101010101010103010101010000000001010101010101010000000001010000030101010101010101010101000000010101010100000100050505050505050505050505050505050505050505050505050505050505050505050505050505050505050505050505050504
00000000000000000101010101010101010101010000000001010101010101010000000005050000050505050505050505050505050505050505050505050505050505050505050505050505050505050505050505050505050505050505050505050505050505050505050505050505050504
00000000000000000101010101010101000000000000000001010101010101010000000001010000010101010101010101010101000000010101010100000100010101010101010101010101010101010101010101010001010101010101010001010101010101000005050505050505050504
00000000000000000101010101010101000000000000000001010101010101010000000001010000010101010101010101010101000000010101010100010100010101010101010101010101010101010101010101010001010101010101010001010101010101000005050505050505050504
00000000000000000101010101010101010101010000000001010101010101010000000001010000000505050505050505050505050505050505050505050505050505050505050505050505050505050505050505050505050505050505050505050505050505050505050505050505050504
0000000000000000010101010101010101010101000000000101010101010101000000000101000001000101010100020707070707070707070707070707070707070707070707070707070707070707070707070707070707070707070707070707070707070707070707070707070707070704
00000000000000000101010101010101010101010000000001010101010101010000000001010000010001010101000405050505050505050505050505050505050505050505050505050505050505050505050505050505050505050505050505050505050505050505050505050505050504
000000000000000001010101010101010101010100000000010101010101010100000000010100000101010101010101000007070707070707070707070707070707070707070707070707070707070707070707070707070707070707070707070707070707070707070707070707070707070704
00000000000000000101010101010101010101010000040001010101010101010000000005050000050505050505050505050505050505050505050505050505050505050505050505050505050505050505050505050505050505050505050505050505050505050505050505050705050504
00000000000000000101010101010101010101010000000001010101010101010000000001010000010101010000000001010101010101010101010101010101010101010101010101010101010101010000050505050505050505050505050505050505050505050505050505050505050504
00000000000000000101010101010101000000000000000001010101010101010000000001010000010101010000000000040505050505050505050505050505050505050505050505050505050505050505050505050505050505050505050505050505050505050505050505050505050504
00000000000000000101010101010101010101010000000001010101010101010000000000000000010101010000000002020303030303030303030303030303030303030303030303030303030207070707070702070707070707020707020707020707020707020707020707020702020707070707070707070707070707070707070704
00000000000000000101030101010101010101010000000001010101010101010000020001010000010101010000000001010101010101010101010101010101010101010101010101010101010101010101010101010101010001050505070505050505050505050505050505050505050504
00000000000000000101010101010101010101010000000001010101010101010000000001010000010101010000000001010101010101000405050505050505050505050505050505050505050505050505050505050505050505050505050505050505050505050505050505050505050504
00000000000000000101010101010101010101010000000001010101010101010000000001010000010101010000000001010101010101000001010101010101010101010101010101010101010101010101010101010101010101010000000505050505050505050505050505050505050504
0000000000000000010101010101010101010101000000000101010101010101000000000501000001010101000000000101010101010101010101010101010101010101010101010101010101010101010101010101010101010101010101010101010101010101010101010101010101010101010101010101000202020303020207070707070704
000000000000000001010101010101010101010100000000010101010101010100000000010100000101010101010101010101010000000101010101000001000101010101010101010100000707070707070707070707070707070707070707070707070707070707070707070707070707070707070707070707070707070707070704
000000000000000001010101010101010101010100000000010101010101010100000000010100000101010101010101010101010000000101010101000001000101010101010101010100000707070707070707070707070707070707070707070707070707070707070707070707070707070707070707070707070707070707070704
000000000000000001010101010101010000000000000000010101010101010100000000010100000101010101010101010101010000000101010101000001000101010101010101010100000707070707070707070707070707070707070707070707070707070707070707070707070707070707070707070707070707070707070704
0000000000000000010101010101010101010101000000000101010101010101000000000101000001010101010101010101010100000001010101010000010001010101010101010101000001010001010101010101010101010101010101010101010101010101010101010101010101010103010101010101000202020301020207070707070707070707070707070707070707070707070707070707070704
0000000000000000010101010101010101010101000000000101010101010101000000000101000001010101010101010101010100000001000001010000010001010101010101010101000707070707070707070707070707070707070707070707070707070707070707070707070707070707070707070707070707070707070704
000000000000000001010101010101010101010100000000010101010101010100000000010100000101010101010101010101010400000101010101000001000101010101010101010100000101000001000707070707070707070707070707070707070707070707070707070707070707070704
0000000000000000010101010101010101010101000000000101010101010101000000000101000001010101010101010101010100000001010101010000010001010101010101010101000007070707070707070707070707070707070707070707070707070707070707070707070707070707070707070707070707070707070704
0000000000000000010101010101010100000000000000020101010101010101000000000101000001010101010101010101010100000001010101010000010001010101010101010101000007070707070707070707070707070707070707070707070707070707070707070707070707070707070707070707070707070707070704
00000000000000000101010101010101010101010000000001010101010101010000000001010000010100040505050505050505050505050505050505050505050505050505050505050505050505050505050505050505050505050505050505050505050505050505050505050505050504
00000000000000000101010101010101010101010000000001010101010101010000000001010000010000000405050505050505050505050505050505050505050505050505050505050505050505050505050505050505050505050505050505050505050505050505050505050505050504
00000000000000000101010101010101010101010000000001010101010101010000000001010000010000000505050505050505050505050505050505050505050505050505050505050505050505050505050505050505050505050505050505050505050505050505050505050505050504
00000000000000000101010101010101010101010000000001010101010101010000000001010000010000000505050505050505050505050505050505050505050505050505050505050505050505050505050505050505050505050505050505050505050505050505050505050505050504
0000000000000000010101010101010101010101000000000105010101010101000000000505000007070707070702060707070707070707070707070707070707070707070707070707070707070707070707070707070707070707070707070707070707070707070707070707070707070707070707070707070707070707070704
00000000000000000101010101010101010101010000000001010101010101010000000005050000050505050505050505050505050505050505050505050505050505050505050505050505050505050505050505050505050505050505050505050505050505050505050505050505050504
00000000000000000101010101010101010101010002020607070707070707070707070707070707070707070707070707070707070707070707070707070707070707070707070707070707070707070707070707070707070707070707070707070707070707070707070707070707070704
000000000000000001010101010101010101010100000000010101010101010100000000010100000101010101010101010101010001000101010101000001000101010101010101010100070707070707070707070707070707070707070707070707070707070707070707070707070707070707070707070707070707070707070704
000000010000000001010101010101010101010100000000010101010101010100000000010100000101010101010101010101010000000101010101000001000101010101010101010100070707070707070707070707070707070707070707070707070707070707070707070707070707070707070707070707070707070707070704
000000000000000001010101010101010101010100000000010101010101010100000000010100000101010101010101010101010000000101010101000001000101010101010101010100000707070707070707070707070707070707070707070707070707070707070707070707070707070707070707070707070707070707070704
000000000000000001010101010101010000000000000000010101010101010100000000010100000101010101010101010101010000000101010101000001000707070707070707070707070707070707070707070707070707070707070707070707070707070707070707070707070707070707070707070707070707070707070704
000000000000000001010101010101010101010100000000010101010101010100000000010100000101010101010101010101010000000101010101000001000101010101010101010100000707070707070707070707070707070707070707070707070707070707070707070707070707070707070707070707070707070707070704
00000000000000000101010101010101010101010000000001010101010103010000000001010000010101010101010101010101000000010101010100000100070707070707070707070207070707070707070707070707070707070707070707070707070707070707070707070707070707070707070707070707070707070707070704
00000000000000000101010101010101010101010000000001010101010101010000000001010000010101010101010101010101000000010101010100000100010101010101010101010007070707070707070707070707070707070707070707070707070707070707070707070707070707070707070707070707070707070707070704
000000000000000001010101010101010101010100000000010101010101010100000000010100000101010101010101010101010000010100000001010101010000010001010101010101010101010100000707070707070707070707070707070707070707070707070707070707070707070704
0000000000000000010101010101010101010101000000000101010101010101000000000101000001010101010101010101010100000101000000010101010100000100010101010101010101010000010101010101000007070707070707070707070707070707070707070707070707070707070707070707070707070707070704
000000000000000001010101010101010000000000000000010101010101010100000004010100000101010101010101010101010000010100000001010101010000010007070707070707070707070707070707070707070707070707070707070707070707070707070707070707070707070704
000000000000000001010101010101010101010104000000010101010101010100000000010100000101010101010101010101010000070707070707070707070707070707070707070707070707070707070707070707070707070707070707070707070707070707070707070707070707070704
00000000000000000101010101010101010101010002020207070707070707070707070707070707070707070707070707070707070707070707070707070707070707070707070707070707070707070707070707070707070707070707070707070707070707070707070707070707070704
00000000000000000101010101010101010101010002020207070707070707070707070707070707070707070707070707070707070707070707070707070707070707070707070707070707070707070707070707070707070707070707070707070707070707070707070707070707070704
00000000000000000101010101010101010101010000000001010101010101010000000005050000050505050505050505050505050505050505050505050505050505050505050505050505050505050505050505050505050505050505050505050505050505050505050505050505050504
00000000000000000101010101010101010101010000000001010101010101010000000001010000010001010101000505050505050505050505050505050505050505050505050505050505050505050505050505050505050505050505050505050505050505050505050505050505050504
00000000000000000101010101010101010101010000000001010101010101010000000001010200010001010000000505050505050505050505050505050505050505050505050505050505050505050505050505050505050505050505050505050505050505050505050505050505050504
00000000000000000101010101010101010101010000000001010101010101010000000001010000000001050505050505050505050505050505050505050505050505050505050505050505050505050505050505050505050505050505050505050505050505050505050505050505050504
00000000000000000101010101010101010101010000000001010101010101010000000001010000010101010000000001010101010101010101010101010101010101010301010101010101010101010005050505050505050505050505050505050505050505050505050505050505050504
00000000000000000101010101010101000000000000000001010101010101010000000001010000010101010000000000040505050505050505050505050505050505050505050505050505050505050505050505050505050505050505050505050505050505050505050505050505050504
00000000000000000101010101010101000000000000000001010101010101010000000001010000010101010004000000040505050505050505050505050505050505050505050505050505050505050505050505050505050505050505050505050505050505050505050505050505050504
00000000000000000101010101010101010101010000000001010101010101010000000000000000010101010000000000000101010101010101010101010101010101010101010101010101010001010101010100010101010101000101000101000101000101000101000101000100020707070707070707070707070707070707070704
0000000000000000010101010101010101010101000000000101010101010101000000000101000001010101000000000101010101010101010101010101010101010101010101010101010101010101010101010101010101010101010101010101010101010101010101010101010101010101010101010101000202020303020207070707070704
000000000000000001010101010101010101010100000000010101010101010100000000010100000101010101010101010101010000000101010101000001000101010101010101010100000707070707070707070707070707070707070707070707070707070707070707070707070707070707070707070707070707070707070704
000000000000000001010101010101010000000000000000010101010101010100000000010100000101010101010101010101010000000101010101000001000101010101010101010100070707070707070707070707070707070707070707070707070707070707070707070707070707070707070707070707070707070707070704
000000000000000001010101010101010000000000000000010101010101010100000000010100000101010101010101010101010000000101010101000001000101010101010101010100000707070707070707070707070707070707070707070707070707070707070707070707070707070707070707070707070707070707070704
0000000000000000010101010101010100000000000000000101010101010101000000000101000001010101010101010101010100000001010101010000010001010101010101010101000707070707070707070707070707070707070707070707070707070707070707070707070707070707070707070707070707070707070707070707070707070707070707070707070707070707070707070707070704
000000000000000001010101010101010101010102000000010101010101010100000000010100000101010101010101010101010000000301010101000001000101010101010101010100000101000001010100000000000000000000000707030707070707070707070707070707070707070704
00000000000000000101010101010101010101010000000001010101010101010000000001010000010000000000050505050505050505050505050505050505050505050505050505050505050505050505050505050505050505050505050505050505050505050505050505050505050504
00000000000000000101010101010101010101010000000001010101010101010000000001010000010000000000050505050505050505050505050505050505050505050505050505050505050505050505050505050505050505050505050505050505050505050505050505050505050504
00000000000000000101010101010101010101010000000001010101010101010000000001010000010000000000050505050505050505050505050505050505050505050505050505050505050505050505050505050505050505050505050505050505050505050505050505050505050504
000000000000000001010101010101010101010100000000010101010101010100000000010100000100000001000707070707070707070707070707070707070707070707070707070707070707070707070707070707070707070707070707070707070707070707070707070707070707070704
00000000000001000101010101010101010101010000000001010101010101010000000001010000010000000505050505050505050505050505050505050505050505050505050505050505050505050505050505050505050505050505050505050505050505050505050505050505050504
00000000000000000101010101010101010101010000000001010101010101010000000001010000010000000101010101000505050505050505050505050505050505050505050505050505050505050505050505050505050505050505050505050505050505050505050505050505050504
000002000000000001010101010101010101010100000000010101010101010100000000010100000101010101010101010101010000000101010101000001000101010101010101010100000707070702020707070707070707070707070707070707070707070707070707070707070707070707070707070707070707070707070704
000000000000000001010101010101010101010100000000010101010101010100000000010100000101010101010101010101010000000101010101000001000101010101010101010100070707070702020707070707070707070707070707070707070707070707070707070707070707070707070707070707070707070707070704
000100000000000001010101010101010101010100000001010101010101010100000000010100000101010101010101010101010000000101010101000001000101010101010101010100000707070707070707070707070707070707070707070707070707070707070707070707070707070707070707070707070707070707070704
000000000000000001010101010101010101010100000000010101010101010100000000010100000101010101010101010101010000000101010101000001000101010101010101010100000707070707070707070707070707070707070707070707070707070707070707070707070707070707070707070707070707070707070704
000000000000000001010101010101010101010100000000010101010101010100000000010100000101010101010101010101010000000101010101000001000101010101010101010100000707070707070707070707070707070707070707070707070707070707070707070707070707070707070707070707070707070707070704
000000000000000001010101010101010101010100000000010101010101010100000000010100000101010101010101010101010000000101010101000001000101010101010101010100000707070707070707070707070707070707070707070707070707070707070707070707070707070707070707070707070707070707070704
000000000000000001010101010101010101010100000000010101010101010100000000010100000101010101010101010101010000000101010101000001000101010101010101010100000707070707070707070707070707070707070707070707070707070707070707070707070707070707070707070707070707070707070704
000000000000000201010101010101010101010100000000010101010101010100000000010100000101010101010101010101010000010100000001010101010000010001010101010101010101010100000707070707070707070707070707070702070707070707070707070707070707070704
0000000000000000010101010101010101010101000000000101010101010101000000000101000001010101010101010101010100000101000000010101010100000100010101010101010101010101000001010101010101010000000000000100010101000707070707070707070707070704
000000000000000001010101010101010000000000000000010101010101010100000000010100000101010101010101010101010000010100000001010101010000010001010101010101010101010100000707070707070707070707070707070707070707070707070707070707070707070704
000000000000000001010101010101010101010100000000010101010101010100000000010100000101010101010101010101010000010100000001010101010000010001010101010101010101010100000101010101010001000003030303030302070707070707070706070707070707070704
000000000000000001010101010101010101010100000000010101010101010100000000010100000101010101010101010101010002010100000001010101010000010001050101010101010101010100000505050505050405000000000505050500050505050505050500020707070707070704
000000000000000001010101010101010101010100000000010101010101010100000000010100000101010101010101010101010000010100000001010101010000010001010101010101010101010100000101010101010001010001010101010100010100030306070707070207070707070704
0000000000000000010101010101010101010101000000000101010101010101000000000101000001010101010101010101010100000101000000010101010100000100010101010101010101010000050505050505050707070707070707070707070707070707070707070707070707070707070707070707070707070707070704
0000000000000000010101010101010105010101000000000101010101010101000000000101000001010101010101010101010100000101000000010101010102000100010101010101010101010000010101010101000007070707070707070707070707070707070707070707070707070707070707070707070707070707070704
000000000000000001010101010101010101010100000000010101010101010100000000010100000101010101010101010101010000020207070707070707070707070707070707070707070707070707070707070707070707070707070707070707070707070707070707070707070707070707070707070707070707070707070704
00000000000000000101010101010101010101010000000001010101010101010000000005050000050505050505050505050505050505050505050505050505050505050505050505050505050505050505050505050505050505050505050505050505050505050505050505050505050504
0000000000000000010101010101010101010101000000000101010101010101000000000101000001000101010100070707070707070707070707070707070707070707070707070707070707070707070707070707070707070707070707070707070707070707070707070707070707070704
00000000000000000101010101010101010101010000000001010101010101010000000001010000010001010000000005050505050505050505050505050505050505050505050505050505050505050505050505050505050505050505050505050505050505050505050505050505050504
00000000000000000101010101010101010101010000000001010101010101010000000001010000010001010000000005050505050505050505050505050505050505050505050505050505050505050505050505050505050505050505050505050505050505050505050505050505050504
00000000000000000101010101010101010101010000000001010101010101010000000001010000000001010001010101010101010101010101010101010101010101010101010101010100050505050505050505050505050505050505050505050505010001010101010101010000050504
000400000200000001010101010101010000040000000000010101010101010100000000010100000101010101010101010101010000000301010101000001000101010101010101010100070707070707070707070707070707070707070707070707070707070707070707070707070707070707070707070707070707070707070704
0000000000000000010101010101010100000000000000000101010101010101000000000101000001010101010101010101010100000001010101010000010001010101010101010101000707070707070707070707070707070707070707070707070707070707070707070707070707070707070707070707070707070707070707070707070707070707070707070707070707070707070707070707070704
00000000000000000101010101010101010101010000000001010101010101010000000001010000010000000000050505050505050505050505050505050505050505050505050505050505050505050505050505050505050505050505050505050505050505050505050505050505050504
00000000000000000101010101010101010101010000000001010101010101010000000001010000010000000000050505050505050505050505050505050505050505050505050505050505050505050505050505050505050505050505050505050505050505050505050505050505050504
00000000000000000101010101010101010101010000000001010101010101010000000001010000010000000000050505050505050505050505050505050505050505050505050505050505050505050505050505050505050505050505050505050505050505050505050505050507050504
00000000000000000101010101010101010101010000000001010101010101010000000001010000010000000000050505050505050505050505050505050505050505050505050505050505050505050505050505050505050505050505050505050505050505050505050505050505050504
00000000000000000101010101010101010101010000000001010101010101010000000001010000010000000000050505050505050505050505050505050505050505050505050505050505050505050505050505050505050505050505050505050505050505050505050505050505050504
00000000000000000101010101010101010101010000000001010101010101010000000001010000010000000000050505050505050505050505050505050505050505050505050505050505050505050505050505050505050505050505050505050505050505050505050505050505050504
00000000000000000101010101010101010101010000000001010501010101010001000001010000010000000000050505050505050505050505050505050505050505050505050505050505050505050505050505050505050505050505050505050505050505050505050505050505050504
0000000000000000010101010101010101010101000000000101010101010101000000000101000001000000010007070707070707070707070707070707070707070707070707070707070707070707070707070707070707070707070707070707070707070707070707070707070707070704
000000000000000001010101010101010101010100000000010101010101010100000000010100000101010101010101010101010101010101010407070707070707070707070707070707070707070707070707070707070707070707070707070707070707070707070707070707070707070704
00000000020000000101010101010101010101010000000001010101010101010000000001010000010000000005050505050505050505050505050505050505050505050505050505050505050505050505050505050505050505050505050505050505050505050505050505050505050504
000000000000000001010101010101010101010100000000010101010101010100000000010100000101010101010101010101010000000101010101000001000101010101010101010100000707070707070707070707070707070707070707070707070707070707070707070707070707070707070707070707070707070707070704
000000000000000001010101010101010101010100000000030101010101010100000000010100000101010101010101010101010000000101010101000001000101010101010101010100070707070707070707070707070707070707070707070707070707070707070707070707070707070707070707070707070707070707070704
000000000000000001010101010101010101010100000000010101010101010100000000010100000101010101010101010101010000000101010101000001000101010101010101010100010101010007070707070707070707070707070707070707070707070707070707070707070707070707070707070707070707070707070704
000000000000000001010101010101010101010100000000010101010101010100000000010100000101010101010101010101010000000101010101000001000101010101010101010100000707070707070707070707070707070707070707070707070707070707070707070707070707070707070707070707070707070707070704
000000000000000001010101010101010101010100000000010101010101010100000000010100000101010101010101010105010000010100000001010101010000010001010101010101010101010100000101010101010001000003030303030302070707070707070702070707070707070704
000000000000000001010101010101010101010100000000010101010101010100000000010100000101010101010101010101010000010100000001010105010000010001010101010101010101010100000101010101010001000000000505050500050505050505050500020707070707070704
0000000000000000010101010101010101010101000000000101010101010101000000000101000001010101010101010101010100000101000000010101010100000100010101010101010101010101000001010101010100010000000000000100020707070707070707020202070707070707070707070707070707070707070704
00000000000000000101010101010101010101010000000001010101010101010000000001010000010101010101010101010101000001010000000101010101000001000101010101010101010101010000010101010101010100000101010101010000000101010101010000010107070707070707070707070707070707070707070704
000000000000000001010101010101010101010100000000010101010101010100000000010100000101010101010101050101010000010100000001010101010000010001010101010101010101010100000101010101010101000001010101010100010101010101010100000101000207070704
000000000000000001010101010101010101010100000000010101010101010100000000010100000101010101010101010101010000010100000001010101010000010001010101010101010101010100000101010101010001010001010101010100010100030302070707070207070707070704
0000000000000000010101010101010101010101000000000101010101010101000000000101000001010101010101010101010100000101000000010000010100000100010101010101010101010000070707070707070707070707070707070707070707070707070707070707070707070707070707070707070707070707070704
000000000000000001010101010101010101010100000000010101010101010100000000010100000101010101010101010101010000010100000001010101010000010007070707070707070707070707070707070707070707070707070707070707070707070707070707070707070707070707070707070707070707070707070704
0000000000000000010101010101010101010101000000000101010101010101000000000101000001000101000000070707070707070707070707070707070707070707070707070707070707070707070707070707070707070707070707070707070707070707070707070707070707070704
000000000000000001010101010101010101010100000000010101010101010100000000010100000000010100010101010101010101010101010101010101010101010101010101010101000101010101010101010101010101010101010101010101010000070703070707070707070707070704
00000000000000000101010101010101010101010000000001010101010101010000000001010000010000000000050505050505050505050505050505050505050505050505050505050505050505050505050505050505050505050505050505050505050505050505050505050505050504
00000000000000000101010101010101010101010000000001010101010105010000000001010000010000000000050505050505050505050505050505050505050505050505050505050505050505050505050505050505050505050505050505050505050505050505050505050505050504
0000000000000000010101010101010101010101000000000101010101010101000000000101000201000000000505050505050505050505050505050705050505050505050505050500000707070707070707070707070707070707070707070707070707070707070707070707070707070704
00000000000000000101010101010101000000000000000001010101010101010100000001010000010000000005050505050505050505050505050505050505050505050505050505050505050505050505050505050505050505050505050505050505050505050505050505050505050504
00000000000000000101010101010101010101010000000001010101010101010000000001010000010101010101010101010101000000010101010100000100070707070707070707070707070707070707070707070707070707070707070707070707070707070707070707070707070707070707070707070707070707070707070704
000000000000000001010101010101010101010100000000010101010101010100000000010100000101010101010101010101010000000101010101000001000101010101010101010100000707070707070707070707070707070707070707070707070707070707070707070707070707070707070707070707070707070707070704
000000000000000001010101010101010101010100000000010101010101010100000000010100000101010101010101010101010000000101010101000001000101010101010101010100000707070707070707070707070707070707070707070707070707070707070707070707070707070707070707070707070707070707070704
000000000000000001010101010101010101010100000000010101010101010100000000010100000101010101010101010101010000010100000001010101010000010001010101010101010101010100000101010101010001000000000000010200050505050505050501070707070707070704
000000000000000001010101010101010101010100000000010101010101010100000000010100000101010101010101010101010000010100000001010101010000010001010101010101010101010100000101010101010001010100000707070707070707070707070707070707070707070704
0000000000000000010101010101010101010101000000000101010101010101000000000101000001010101010101010101010100000101000000010101010100000100010101010101010101010101000001010101010101010000010101010101000000050505050505000005050007070707070707070707070707070707070704
0000000000000000010101010101010105010101000000000101010101010101000000000101000001010101010101010101010100000101000000010101010100000100010101010101010101010101000001010101010101010000010101010101000000070707070707020207070707070707070707070707070707070707070704
000000000000000001010101010101010101010100000000010101010101010100000000010100000101010101010101010101010000010100000001010101010000010001010101010101010101010100000101010101010101000001010101050100010101010101010100000101000007070704
000000000000000001010101010101010101010100000000010101010101010100000000010100000101010101010101010101010000070707070707070707070707070707070707070707070707070707070707070707070707070707070707070707070707070707070707070707070707070704
00000000000000000101010101010101010101010000000001010101010101010000000005070202070707070707070707070707020207070707070707070707070707070707070707070707070707070707070707070707070707070707070707070707070707070707070707070707070707070707070707070707070707070707070707070704
00000000000000000101010101010101010101010000000001010101010101010000000001010000010101010101010101010101000001010000000101010101000001000101010101010101010101010101010101010101010101010000070707070707070707070707070707070707070707070707070707070707070707070707070704
00000000000000000101010101010101010101010000000001010101010101010000000001010000010000000000050505050505050505050505050505050505050505050505050505050505050505050505050505050505050505050505050505050505050505050505050505050505050504
00000000000000000101010101010101010101010000000001010101010101010000000001010000010000000000050505050505050505050505050505050505050505050505050505050505050505050505050505050505050505050505050505050505050505050505050505050505050504
00000000000000000101010101010101010101010000000001010101010101010000000001010000010000000000050505050505050505050505050505050505050505050505050505050505050505050505050505050505050505050505050505050505050505050505050505050505050504
00000000000000000101010101010101010101010000000001010101010101010000000001010000010101010101010101010101000000010101010100000100070707070707070707070707070707070707070707070707070707070707070707070707070707070707070707070707070707070707070707070707070707070707070704
00000000000000000101010101010101010101010000000001010101010101010000000001010000010101010101010101010101000001010000000100000101000001000101010101010101010101010101010101010101010101010000070707070707070707070707070707070707070707070707070707070707070707070707070704
00000000000000000101010101010101010101010000000101010101010101010000000001010000010000000000050505050505050505050505050505050505050505050505050505050505050505050505050505050505050505050505050505050505050505050505050505050505050504
02000000000000000501010101010101010101010000000001010101010101010000000001010000010101010101010101010101000000010101010100000100010101010101010101010000010301010101000000070707070707070707070707070707070707070707070707070707070707070707070707070707070707070707070704
00000000000000000101010101010101010101010000000001010101010101010000000001010000010101010101010101010101000000010000010100000100050505050505050505050500070707070707070707070707070707070707070707070707070707070707070707070707070707070707070707070707070707070707070704
00000000000000000101010101010101010101010000000001010101010101010000000001010000010000000000050505050505050505050505050505050505050505050505050505050505050505050505050505050505050505050505050505050505050505050505050505050505050504
00000000000000000101010101010101010101010000000001010101010101010000000001010000010000000000050505050505050505050505050505050505050505050505050505050505050505050505050505050505050505050505050505050505050505050505050505050505050504
01000000000000000101010101010101010101010000000001010101010101010000000001010000010000000000050505050505050505050505050505050505050505050505050505050505050505050505050505050505050505050505050505050505050505050505050505050505050504
00000000000000000101010101010101010101010000000001010101010101010000000001010000010101010101010101010101000000010101010100000100010101010101010101010000010101010101000000040707070707070707070707070707070707070707070707070707070707070707070707070707070707070707070704
00000000000000000101010501010101010101010000000001010101010101010000000001010000010101010101010101010101000000010000010100000100070707070707070707070707070707070707070707070707070707070707070707070707070707070707070707070707070707070707070707070707070707070707070704
000000000000000001010101010101010101010100000000010101010101010100000000010100000101010101010101010101010000000707070707070707070707070707070707070707070707070707070707070707070707070707070707070707070707070707070707070707070707070704
00000000000000000101010101010101010101010000000001010101010101010000000001010000010101010101010101010101000000010101010100000104050505050505050505050505050505050505050505050505050505050505050505050505050505050505050505050505050504
000000000000000001010101010101010101010100000000010101010101010100000000010100000000000000000000000000000000000000000001010101010000010007070707070707070707070707070707070707070707070707070707070707070707070707070707070707070707070704
00000000000000000101010101010101000000000000000001010101010101010000000001010001010101010101010101010101010000010101010100000100010101010101010101010101010101010101010101010001010101010101010001010101010101000005050505050505050504
00000000000000000101010101010101000000000000000001010101010101010000000001010000010101010101010101010101000000010101010100000100010101010101010101010101010101010101010101010001010101010101010001010101010101000005050505050505050504
00000004000000000101010101010101010101010000000001010101010101010000000001010000010101010101010101010101000000010101010100000100010101010101010101010101000007070707070707070707070707070707070707070707070707070707070707070707070707070707070707070707070707070707070704
0000000000000000010101010101010101010101000000000101010101010101000000000101000001010101010101010101010101010103000000010000010100000100010101010101010101010101010101010101010101010001010101010101010101010101010101010101010101010101010101010101000000000101000001010101010101010101010101010101000000010101010100000104070707070707070707070707070707070707070707070707070707070707070707070707070707070707070707070707070707070707070707070707070704
00000000000000000101010101010101010101010000000001010101010101010000000001010000010101010101010101010101000000010000010100000100010101010101010101010101000007070707070707070707070707070707070707070707070707070707070707070707070707070707070707070707070707070707070704
00000000000000000101010101010101010101010000000001010101010101010000000001010000010101010101010101010101000000010101010100000100010101010101010101010101000007070707070707070707070707070707070707070707070707070707070707070707070707070707070707070707070707070707070704
00000000000000000101010101010101010101010000000001010101010101010000000001010000010101010101010101010101000000010101010100000100010101010101010101010101000001010101000707070707070707070707070707070707070707070707070707070707070707070707070707070707070707070707070704
0000000000000000010101010101010101010101000000000101010101010101000000000101000001010101010105010101010101010101000101010101010101010101010101010101010101010101010101010101010101010101010101010101010101010101010101010101010101010101010101010101000000000507020207070707070707070707070707070707070707070707070707070707070707070707070707070707070707070707070707070707070707070707070707070707070707070707070707070707070707070707070707070707070704
0000000400000000010101010101010101010101040000000101010101010101000000000101000001010105010101010101010101010101000000010101010100000100010101010101010101010101010101010101010101010101010101010101010101010101010101010101010101010101010101010101000000000101000001010101010101010101010101010101000000010101010100000707070707070707070707070707070707070707070707070707070707070707070707070707070707070707070707070707070707070707070707070707070704
0200000000000000010101010101010101010301000000000101010101010101000000000101020001010101030101010101010101010101000000010101010100000100010101010101010101010101010101010101010101010101010101010101010101010101010101010101010101010101010101010101000100000101000001010103010101010101010101010101020000010101010100000707070707070707070707070707070707070707070707070707070707070707070707070707070707070707070707070707070707070707070707070707070704
0000000000000000010101010101010101010101000000000101010101010101000000000101010101010101010101010101010101010101010101010101010101010101010101010101010101010101010101010101010101010101010101010101010101010101010101010101010101010101010101010101000000000101000001010101010105010101010101010101000000010101010100000100010101010101010101010101010101010101010101010001010101010101010001010100000007070707070707070707070707070707070707070707070704
00000000000000000101010101010101010101010000000001010101010101010000000001010000010101010101010101010101010000010101010100000100010101010101010101010101000001010101010101010101000001010000010100000101000000000202070707070707070707070707070707070707070707070707070704
00000000000000000101010101010101010101010000000001010101010101010000000001010000010101010101010101010101000000010101010100000100010101010101010101010101000001010101000007070707070707070707070707070707070707070707070707070707070707070707070707070707070707070707070704
0000000000000000010101010101010101010101000000000101010101010101000000000101010101010101010101010101010101010101010101010101010101010101010101010101010101010101010101010101010101010101010101010101010101010101010101010101010101010101010101010101000000000101000001010101010101010101010101010101000000010101010100000302070707070707070707070707070707070707070707070707070707070707070707070707070707070707070707070707070707070707070707070707070704
0000000000000000010101010101010101010101000000000101010101010101000000000101000001010101010101010101010101010101000000010101010100000100010101010101010101010007070707070707070707070707070707070707070707070707070707070707070707070707070707070707070707070707070707070707070707070707070707070707070707070707070707070707070707070707070707070707070707070707070707070707070707070707070707070707070707070707070707070707070707070707070707070707070704
0000000000000000010101010101010101010101000000000101010101010101000000000101000001010101010101010101010101010101000005050505000007070707070707070707070707070707070707070707070707070707070707070707070707070707070707070707070707070707070707070707070707070707070707070707070707070707070707070707070707070707070707070707070707070707070707070707070707070707070707070707070707070707070707070707070707070707070707070707070707070707070707070707070704
0000000000000000010101010101010101010101000000000101010101010101000000000101000003010101010101010101010101010101000000010101010100000100010101010101010101010101010101010101010101010101010101010101010101010101010101010101010101010101010101010101000000000101000001010101010101010101010101010101000000010101010100000707070707070707070707070707070707070707070707070707070707070707070707070707070707070707070707070707070707070707070707070707070704
0000000000000000010101010101010101010501000000000101010101010101000000000101000005010101010101010101010101010101000000010101010100000100010101010101010101010101010101010101010101010101010101010101010101010101010101050101010101010101010101010101000000000101000001010101010101010101010101010101000000010101010100000707070707070707070707070707070707070707070707070707070707070707070707070707070707070707070707070707070707070707070707070707070704
00000000000000000101010101010101010101010000000001010101010101010000000001010000010101010101010101010101000000010101010100000100010101010101010101010101000001010101010101010101000001010000000002020707070707070707070707070707070707070707070707070707070707070707070704
00000000000000000101010101010101010101010000000001010101010101010000000003010000010101010101010101010101000000010101010100000100070707070707070707070707070707070707070707070707070707070707070707070707070707070707070707070707070707070707070707070707070707070707070704
00000000000000000101010101010101010101010000000001010101010101010000000001010000010101010101010101010101000000010000010100000100010101010101010101010101000001010101000007070707070707070707070707070707070707070707070707070707070707070707070707070707070707070707070704
00000000000000000101010101010101010101010000000001010101010101010000000001010000010101010101010101010101000000010000010100000100010101010101010101010101000001010101000200070707070707070707070707070707070707070707070707070707070707070707070707070707070707070707070704
00000000000000000101010101010101010101010000000001010101010101010000000001010000010101010101010101010101000000010101010100000100010101010101010101010000070707070707070707070707070707070707070707070707070707070707070707070707070707070707070707070707070707070707070704
0101010100000000010101030101050101030101000101010705050505070505050100000507070607070703030303030303070507050505050001010105010101010501070101070105050101010505070707070707070707070707070707070707070707070707070707070707070707070707070707070707070707070707070707070707070707070707070707070707070707070707070707070707070707070707070707070707070707070707070707070707070707070707070707070707070707070707070707070707070707070707070707070707070704
04020400000303030505050701010105030101010100020001010101010501010000000505070000050505050505050501070505000000050105010103010503030101010307070707070707060603030303030303010303020207030000000002030707070707070707070707070707070707070707070707070707070707070707070704
03030303010103030303030307070707070703030303070707070707070707070303010105070707070505050505050507050505050507050505050505050705070505050505050505050505050507070707070707070505070707070707070707070707070707070707070707070707070707070707070707070707070707070707070704
010100000100020207070707070505050505050505050507050505050707070707050505050707070707050505050507050505030303070303070101010105010301010101010103030303030303070703030303070707070707070707070707070707070707070707070707070707070707070707070707070707070707070707070704
0707070505060602070707070703030707070707070703030303030101050505050105050507030707070707070707070707030307070707070707070707070707070707070707070707070707070707070707070707070707070707070707070707070707070707070707070707070707070707070707070707070707070707070707070707070707070707070707070707070707070707070707070707070707070707070707070707070707070707070707070707070707070707070707070707070707070707070707070707070707070707070707070707070704
0707070507020203070707070707070703030303030303010103030303070707070707070707070707070707070707070707070707070707070707070707070707070707070707070707070707070707070707070707070707070707070707070707070707070707070707070707070707070707070707070707070707070707070707070707070707070707070707070707070707070707070707070707070707070707070707070707070707070707070707070707070707070707070707070707070707070707070707070707070707070707070707070707070704
0101000100000206070707030505070707070707050505070707070505050505050505070707030707070707070707070707070707070707070707070707070707070707070707070707070707070707070707070707070707070707070707070707070707070707070707070707070707070707070707070707070707070707070707070707070707070707070707070707070707070707070707070707070707070707070707070707070707070707070707070707070707070707070707070707070707070707070707070707070707070707070707070707070704
0303030703040602070303030303030303010505050505050505070707070507070707020707070707070707070707070707070707070707070707070707070707070707070707070707070707070707070707070707070707070707070707070707070707070707070707070707070707070707070707070707070707070707070707070707070707070707070707070707070707070707070707070707070707070707070707070707070707070707070707070707070707070707070707070707070707070707070707070707070707070707070707070707070704
