# unix_time, cycles_done, cur_path, paths_total, pending_total, pending_favs, map_size, unique_crashes, unique_hangs, max_depth, execs_per_sec
1638633384, 0, 0, 1, 1, 1, 1.22%, 0, 0, 1, 101.27
1638633389, 0, 0, 46, 46, 1, 1.70%, 0, 0, 2, 151.52
1638633394, 0, 0, 85, 85, 1, 1.93%, 0, 0, 2, 156.42
1638633399, 0, 0, 101, 101, 1, 2.06%, 0, 0, 2, 159.81
1638633404, 0, 0, 107, 107, 1, 2.09%, 0, 0, 2, 161.06
1638633409, 0, 0, 114, 114, 1, 2.22%, 0, 0, 2, 171.90
1638633415, 0, 0, 115, 115, 1, 2.22%, 0, 0, 2, 164.11
1638633420, 0, 0, 130, 130, 1, 2.60%, 0, 0, 2, 161.37
1638633425, 0, 0, 133, 133, 1, 2.62%, 0, 0, 2, 160.37
1638633430, 0, 0, 135, 135, 1, 2.64%, 0, 0, 2, 155.32
1638633435, 0, 0, 139, 139, 1, 3.00%, 0, 0, 2, 152.99
1638633440, 0, 0, 140, 140, 1, 3.00%, 0, 0, 2, 155.16
1638633445, 0, 0, 147, 147, 1, 3.10%, 0, 0, 2, 151.96
1638633450, 0, 0, 157, 157, 1, 3.17%, 0, 0, 2, 151.64
1638633461, 0, 0, 158, 158, 1, 3.17%, 0, 0, 2, 173.14
1638633476, 0, 0, 159, 159, 1, 3.17%, 0, 0, 2, 153.36
1638633481, 0, 0, 160, 160, 1, 3.18%, 0, 0, 2, 151.49
1638633507, 0, 0, 163, 163, 1, 3.20%, 0, 0, 2, 167.29
1638633512, 0, 0, 168, 168, 1, 3.21%, 0, 0, 2, 157.66
1638633517, 0, 0, 169, 169, 1, 3.21%, 0, 0, 2, 164.64
1638633527, 0, 0, 171, 171, 1, 3.25%, 0, 0, 2, 158.31
1638633538, 0, 0, 172, 172, 1, 3.25%, 0, 0, 2, 152.20
1638633543, 0, 0, 174, 174, 1, 3.25%, 0, 0, 2, 157.46
1638633548, 0, 0, 179, 179, 1, 3.25%, 0, 0, 2, 158.59
1638633553, 0, 0, 183, 183, 1, 3.26%, 0, 0, 2, 157.21
1638633558, 0, 0, 186, 186, 1, 3.26%, 0, 0, 2, 160.02
1638633563, 0, 0, 190, 190, 1, 3.26%, 0, 0, 2, 159.94
1638633568, 0, 0, 193, 193, 1, 3.27%, 0, 0, 2, 158.67
1638633573, 0, 0, 194, 194, 1, 3.32%, 0, 0, 2, 158.65
1638633579, 0, 0, 196, 196, 1, 3.34%, 0, 0, 2, 159.27
1638633584, 0, 0, 200, 200, 1, 3.34%, 0, 0, 2, 158.43
1638633589, 0, 0, 202, 202, 1, 3.36%, 0, 0, 2, 154.85
1638633594, 0, 0, 203, 203, 1, 3.46%, 0, 0, 2, 160.24
1638633599, 0, 0, 204, 204, 1, 3.46%, 0, 0, 2, 161.26
1638633604, 0, 0, 205, 205, 1, 3.46%, 0, 0, 2, 154.09
1638633609, 0, 0, 210, 210, 1, 3.47%, 0, 0, 2, 1862.60
1638633614, 0, 0, 223, 223, 1, 3.52%, 0, 0, 2, 1642.08
1638633620, 0, 0, 227, 227, 1, 3.54%, 0, 0, 2, 1133.05
1638633625, 0, 0, 230, 230, 1, 3.57%, 0, 0, 2, 166.34
1638633630, 0, 0, 231, 231, 1, 3.57%, 0, 0, 2, 161.46
1638633635, 0, 0, 232, 232, 1, 3.57%, 0, 0, 2, 161.01
1638633645, 0, 84, 232, 231, 132, 3.57%, 0, 0, 2, 161.20
1638633655, 0, 84, 233, 232, 132, 3.58%, 0, 0, 3, 154.66
1638633753, 0, 108, 236, 234, 131, 3.58%, 0, 0, 3, 159.10
1638633758, 0, 108, 242, 240, 131, 3.59%, 0, 0, 3, 169.25
1638633773, 0, 108, 245, 243, 131, 3.59%, 0, 0, 3, 154.28
1638633783, 0, 108, 248, 246, 131, 3.60%, 0, 0, 3, 155.50
1638633845, 0, 108, 250, 248, 131, 3.62%, 0, 0, 3, 154.74
1638633860, 0, 108, 252, 250, 131, 3.62%, 0, 0, 3, 155.66
1638633866, 0, 108, 253, 251, 131, 3.63%, 0, 0, 3, 155.08
1638633876, 0, 108, 255, 253, 131, 3.63%, 0, 0, 3, 153.30
1638633881, 0, 108, 256, 254, 131, 3.63%, 0, 0, 3, 155.37
1638633947, 0, 137, 260, 257, 146, 3.68%, 0, 0, 3, 162.36
1638633953, 0, 137, 269, 266, 146, 3.72%, 0, 0, 3, 165.88
1638633958, 0, 137, 276, 273, 146, 3.74%, 0, 0, 3, 156.72
1638633963, 0, 137, 279, 276, 146, 3.76%, 0, 0, 3, 135.49
1638633978, 0, 137, 281, 278, 146, 3.76%, 0, 0, 3, 150.08
1638633983, 0, 137, 282, 279, 146, 3.76%, 0, 0, 3, 156.11
1638633988, 0, 137, 285, 282, 146, 3.77%, 0, 0, 3, 153.94
1638633993, 0, 137, 288, 285, 146, 3.77%, 0, 0, 3, 157.10
1638634045, 0, 137, 290, 287, 146, 3.78%, 0, 0, 3, 156.23
1638634060, 0, 137, 291, 288, 146, 3.79%, 0, 0, 3, 157.23
1638634065, 0, 137, 293, 290, 146, 3.79%, 0, 0, 3, 152.10
1638634070, 0, 137, 295, 292, 146, 3.79%, 0, 0, 3, 151.03
1638634080, 0, 137, 296, 293, 146, 3.79%, 0, 0, 3, 152.45
1638634085, 0, 137, 297, 294, 146, 3.79%, 0, 0, 3, 153.18
1638634116, 0, 137, 298, 295, 146, 3.79%, 0, 0, 3, 154.72
1638634264, 0, 137, 299, 296, 146, 3.79%, 0, 0, 3, 150.96
1638634280, 0, 155, 299, 295, 171, 3.79%, 0, 0, 3, 158.40
1638634321, 0, 155, 300, 296, 171, 3.79%, 0, 0, 3, 152.15
1638634388, 0, 169, 301, 296, 170, 3.79%, 0, 0, 3, 160.28
1638634505, 0, 198, 303, 297, 169, 3.79%, 0, 0, 3, 160.94
1638634510, 0, 198, 304, 298, 169, 3.79%, 0, 0, 3, 162.72
1638634607, 0, 198, 305, 299, 169, 3.80%, 0, 0, 3, 160.75
1638634623, 0, 198, 306, 300, 169, 3.80%, 0, 0, 3, 155.91
1638634628, 0, 200, 306, 299, 171, 3.80%, 0, 0, 3, 166.08
1638634633, 0, 200, 314, 307, 171, 3.96%, 0, 0, 3, 168.79
1638634638, 0, 200, 317, 310, 171, 4.02%, 0, 0, 3, 174.70
1638634643, 0, 200, 320, 313, 171, 4.04%, 0, 0, 3, 175.18
1638634659, 0, 200, 326, 319, 171, 4.07%, 0, 0, 3, 175.81
1638634750, 0, 201, 329, 321, 185, 4.17%, 0, 0, 3, 172.69
1638634837, 0, 201, 330, 322, 185, 4.17%, 0, 0, 3, 168.27
1638634868, 0, 202, 332, 323, 188, 4.17%, 0, 0, 3, 170.40
1638634873, 0, 202, 336, 327, 188, 4.19%, 0, 0, 3, 162.10
1638634878, 0, 202, 339, 330, 188, 4.22%, 0, 0, 3, 165.07
1638634883, 0, 202, 342, 333, 188, 4.22%, 0, 0, 3, 162.82
1638634899, 0, 202, 344, 335, 188, 4.22%, 0, 0, 3, 158.85
1638634955, 0, 202, 345, 336, 188, 4.23%, 0, 0, 3, 157.98
1638634971, 0, 202, 347, 338, 188, 4.23%, 0, 0, 3, 161.85
1638634991, 0, 209, 347, 337, 202, 4.23%, 0, 0, 3, 158.57
1638634996, 0, 209, 348, 338, 202, 4.23%, 0, 0, 3, 156.54
1638635007, 0, 209, 349, 339, 202, 4.29%, 0, 0, 3, 159.62
1638635012, 0, 209, 350, 340, 202, 4.31%, 0, 0, 3, 157.44
1638635032, 0, 209, 359, 349, 202, 4.39%, 0, 0, 3, 153.50
1638635058, 0, 209, 360, 350, 202, 4.39%, 0, 0, 3, 153.75
1638635068, 0, 209, 361, 351, 202, 4.39%, 0, 0, 3, 156.23
1638635088, 0, 218, 363, 352, 213, 4.44%, 0, 0, 3, 168.25
1638635094, 0, 218, 364, 353, 213, 4.45%, 0, 0, 3, 174.82
1638635180, 0, 218, 365, 354, 213, 4.45%, 0, 0, 3, 167.32
1638635231, 0, 222, 366, 354, 216, 4.45%, 0, 0, 3, 169.97
1638635237, 0, 222, 369, 357, 216, 4.47%, 0, 0, 3, 178.76
1638635242, 0, 222, 370, 358, 216, 4.47%, 0, 0, 3, 171.69
1638635359, 0, 222, 372, 360, 216, 4.48%, 0, 0, 3, 168.74
1638635420, 0, 223, 372, 359, 222, 4.48%, 0, 0, 3, 168.76
1638635425, 0, 223, 376, 363, 222, 4.50%, 0, 0, 3, 158.72
1638635451, 0, 223, 377, 364, 222, 4.50%, 0, 0, 3, 156.95
1638635497, 0, 223, 378, 365, 222, 4.51%, 0, 0, 3, 155.56
1638635502, 0, 223, 379, 366, 222, 4.51%, 0, 0, 3, 157.65
1638635558, 0, 223, 380, 367, 222, 4.51%, 0, 0, 3, 156.66
1638635604, 0, 223, 381, 368, 222, 4.52%, 0, 0, 3, 155.66
1638635650, 0, 226, 381, 367, 224, 4.52%, 0, 0, 3, 162.51
1638635656, 0, 226, 384, 370, 224, 4.56%, 0, 0, 3, 166.13
1638635661, 0, 226, 388, 374, 224, 4.63%, 0, 0, 3, 162.77
1638635681, 0, 226, 392, 378, 224, 4.68%, 0, 0, 3, 160.92
1638635743, 0, 226, 394, 380, 224, 4.74%, 0, 0, 3, 161.76
1638635758, 0, 226, 395, 381, 224, 4.75%, 0, 0, 3, 161.66
1638635784, 0, 227, 399, 384, 236, 4.79%, 0, 0, 3, 164.79
1638635794, 0, 227, 400, 385, 236, 4.79%, 0, 0, 3, 163.70
1638635799, 0, 227, 402, 387, 236, 4.79%, 0, 0, 3, 160.46
1638635815, 0, 227, 403, 388, 236, 4.79%, 0, 0, 3, 159.14
1638635861, 0, 227, 404, 389, 236, 4.79%, 0, 0, 3, 159.57
1638635891, 0, 227, 406, 391, 236, 4.79%, 0, 0, 3, 158.38
1638635902, 0, 227, 407, 392, 236, 4.79%, 0, 0, 3, 159.69
1638635922, 0, 227, 409, 394, 236, 4.79%, 0, 0, 3, 160.43
1638635963, 0, 227, 410, 395, 236, 4.79%, 0, 0, 3, 156.39
1638636014, 0, 227, 411, 396, 236, 4.79%, 0, 0, 3, 158.38
1638636045, 0, 229, 413, 397, 240, 4.83%, 0, 0, 3, 170.28
1638636132, 0, 229, 414, 398, 240, 4.83%, 0, 0, 3, 170.06
1638636178, 0, 231, 415, 398, 242, 4.83%, 0, 0, 3, 161.93
1638636183, 0, 231, 417, 400, 242, 4.83%, 0, 0, 3, 164.92
1638636198, 0, 231, 419, 402, 242, 4.84%, 0, 0, 3, 153.65
1638636219, 0, 231, 420, 403, 242, 4.84%, 0, 0, 3, 149.07
1638636224, 0, 231, 421, 404, 242, 4.84%, 0, 0, 3, 152.60
1638636229, 0, 231, 422, 405, 242, 4.84%, 0, 0, 3, 153.83
1638636290, 0, 251, 422, 404, 243, 4.84%, 0, 0, 3, 161.40
1638636398, 0, 258, 422, 403, 242, 4.84%, 0, 0, 3, 159.76
1638636403, 0, 258, 425, 406, 242, 4.84%, 0, 0, 4, 154.77
1638636408, 0, 258, 428, 409, 242, 4.87%, 0, 0, 4, 160.08
1638636414, 0, 258, 430, 411, 242, 4.89%, 0, 0, 4, 153.51
1638636419, 0, 258, 431, 412, 242, 4.89%, 0, 0, 4, 153.15
1638636439, 0, 258, 434, 415, 242, 4.89%, 0, 0, 4, 151.28
1638636444, 0, 258, 445, 426, 242, 4.96%, 0, 0, 4, 150.36
1638636454, 0, 258, 447, 428, 242, 4.96%, 0, 0, 4, 153.45
1638636501, 0, 258, 448, 429, 242, 4.96%, 0, 0, 4, 154.13
1638636516, 0, 258, 449, 430, 242, 4.96%, 0, 0, 4, 149.94
1638636521, 0, 258, 452, 433, 242, 4.96%, 0, 0, 4, 151.85
1638636536, 0, 258, 453, 434, 242, 4.96%, 0, 0, 4, 154.85
1638636593, 0, 258, 454, 435, 242, 4.96%, 0, 0, 4, 153.34
1638636623, 0, 258, 455, 436, 242, 4.96%, 0, 0, 4, 158.42
1638636628, 0, 307, 458, 438, 258, 4.98%, 0, 0, 4, 165.76
1638636746, 0, 308, 458, 437, 260, 4.98%, 0, 0, 4, 171.54
1638636751, 0, 308, 459, 438, 260, 4.99%, 0, 0, 4, 169.29
1638636869, 0, 313, 459, 437, 260, 4.99%, 0, 0, 4, 174.42
1638636874, 0, 313, 477, 455, 260, 5.08%, 0, 0, 4, 168.01
1638636879, 0, 313, 478, 456, 260, 5.08%, 0, 0, 4, 171.46
1638636884, 0, 313, 480, 458, 260, 5.08%, 0, 0, 4, 167.24
1638636890, 0, 313, 483, 461, 260, 5.08%, 0, 0, 4, 163.83
1638636915, 0, 313, 484, 462, 260, 5.08%, 0, 0, 4, 165.18
1638636946, 0, 313, 485, 463, 260, 5.08%, 0, 0, 4, 165.12
1638636956, 0, 313, 487, 465, 260, 5.09%, 0, 0, 4, 163.62
1638636966, 0, 313, 488, 466, 260, 5.09%, 0, 0, 4, 162.86
1638636971, 0, 313, 493, 471, 260, 5.09%, 0, 0, 4, 165.69
1638636976, 0, 313, 497, 475, 260, 5.09%, 0, 0, 4, 164.42
1638636982, 0, 313, 499, 477, 260, 5.11%, 0, 0, 4, 167.48
1638636992, 0, 313, 501, 479, 260, 5.11%, 0, 0, 4, 164.48
1638636997, 0, 313, 504, 482, 260, 5.11%, 0, 0, 4, 165.24
1638637012, 0, 313, 506, 484, 260, 5.11%, 0, 0, 4, 161.17
1638637023, 0, 313, 508, 486, 260, 5.11%, 0, 0, 4, 163.82
1638637033, 0, 313, 510, 488, 260, 5.11%, 0, 0, 4, 165.20
1638637038, 0, 313, 511, 489, 260, 5.11%, 0, 0, 4, 165.32
1638637043, 0, 313, 513, 491, 260, 5.11%, 0, 0, 4, 165.17
1638637058, 0, 313, 514, 492, 260, 5.11%, 0, 0, 4, 165.57
1638637068, 0, 313, 515, 493, 260, 5.12%, 0, 0, 4, 166.44
1638637074, 0, 313, 516, 494, 260, 5.12%, 0, 0, 4, 162.92
1638637119, 0, 313, 517, 495, 260, 5.12%, 0, 0, 4, 165.78
1638637155, 0, 313, 518, 496, 260, 5.12%, 0, 0, 4, 165.30
1638637175, 0, 314, 519, 496, 277, 5.14%, 0, 0, 4, 167.32
1638637181, 0, 314, 525, 502, 277, 5.19%, 0, 0, 4, 176.81
1638637288, 0, 319, 525, 501, 282, 5.19%, 0, 0, 4, 171.32
1638637293, 0, 319, 526, 502, 282, 5.21%, 0, 0, 4, 174.76
1638637298, 0, 319, 527, 503, 282, 5.22%, 0, 0, 4, 169.14
1638637365, 0, 319, 528, 504, 282, 5.22%, 0, 0, 4, 167.93
1638637396, 0, 319, 529, 505, 282, 5.22%, 0, 0, 4, 165.53
1638637406, 0, 321, 530, 505, 283, 5.22%, 0, 0, 4, 166.12
1638637488, 0, 321, 531, 506, 283, 5.24%, 0, 0, 4, 165.84
1638637493, 0, 321, 533, 508, 283, 5.24%, 0, 0, 4, 165.03
1638637508, 0, 321, 534, 509, 283, 5.24%, 0, 0, 4, 164.72
1638637513, 0, 321, 535, 510, 283, 5.24%, 0, 0, 4, 164.90
1638637518, 0, 321, 536, 511, 283, 5.24%, 0, 0, 4, 165.60
1638637523, 0, 321, 537, 512, 283, 5.24%, 0, 0, 4, 165.46
1638637529, 0, 321, 538, 513, 283, 5.24%, 0, 0, 4, 164.90
1638637569, 0, 321, 539, 514, 283, 5.24%, 0, 0, 4, 162.39
1638637585, 0, 321, 540, 515, 283, 5.24%, 0, 0, 4, 167.56
1638637641, 0, 321, 542, 517, 283, 5.24%, 0, 0, 4, 165.37
1638637712, 0, 324, 542, 516, 287, 5.24%, 0, 0, 4, 172.21
1638637717, 0, 324, 544, 518, 287, 5.26%, 0, 0, 4, 176.15
1638637824, 0, 330, 547, 520, 288, 5.27%, 0, 0, 4, 169.49
1638637937, 0, 330, 548, 521, 288, 5.27%, 0, 0, 4, 161.76
1638637942, 0, 330, 549, 522, 288, 5.27%, 0, 0, 4, 162.67
1638637963, 0, 334, 550, 522, 291, 5.28%, 0, 0, 4, 164.92
1638637968, 0, 334, 551, 523, 291, 5.28%, 0, 0, 4, 166.85
1638638091, 0, 349, 553, 524, 292, 5.28%, 0, 0, 4, 144.74
1638638096, 0, 349, 554, 525, 292, 5.29%, 0, 0, 4, 160.16
1638638101, 0, 349, 555, 526, 292, 5.30%, 0, 0, 4, 154.32
1638638122, 0, 349, 558, 529, 292, 5.31%, 0, 0, 4, 153.20
1638638127, 0, 349, 559, 530, 292, 5.37%, 0, 0, 4, 156.43
1638638168, 0, 351, 560, 530, 298, 5.37%, 0, 0, 4, 160.05
1638638173, 0, 351, 565, 535, 298, 5.39%, 0, 0, 4, 154.28
1638638199, 0, 351, 566, 536, 298, 5.39%, 0, 0, 4, 155.80
1638638275, 0, 352, 566, 535, 302, 5.39%, 0, 0, 4, 157.78
1638638281, 0, 352, 567, 536, 302, 5.39%, 0, 0, 4, 162.78
1638638311, 0, 352, 568, 537, 302, 5.40%, 0, 0, 4, 153.30
1638638342, 0, 352, 569, 538, 302, 5.40%, 0, 0, 4, 154.21
1638638352, 0, 355, 569, 537, 304, 5.40%, 0, 0, 4, 161.49
1638638357, 0, 355, 570, 538, 304, 5.40%, 0, 0, 4, 157.05
1638638383, 0, 355, 571, 539, 304, 5.40%, 0, 0, 4, 156.82
1638638388, 0, 355, 572, 540, 304, 5.44%, 0, 0, 4, 156.15
1638638424, 0, 355, 573, 541, 304, 5.46%, 0, 0, 4, 155.14
1638638439, 0, 361, 575, 542, 307, 5.46%, 0, 0, 4, 164.83
1638638444, 0, 361, 576, 543, 307, 5.46%, 0, 0, 4, 173.06
1638638526, 0, 361, 577, 544, 307, 5.47%, 0, 0, 4, 164.20
1638638562, 0, 362, 583, 549, 310, 5.56%, 0, 0, 4, 170.39
1638638567, 0, 362, 585, 551, 310, 5.58%, 0, 0, 4, 172.61
1638638572, 0, 362, 586, 552, 310, 5.58%, 0, 0, 4, 170.75
1638638577, 0, 362, 588, 554, 310, 5.59%, 0, 0, 4, 171.93
1638638613, 0, 362, 589, 555, 310, 5.59%, 0, 0, 4, 171.58
1638638659, 0, 362, 590, 556, 310, 5.62%, 0, 0, 4, 167.32
1638638680, 0, 363, 590, 555, 318, 5.62%, 0, 0, 4, 173.21
1638638685, 0, 363, 593, 558, 318, 5.64%, 0, 0, 4, 173.80
1638638792, 0, 363, 594, 559, 318, 5.65%, 0, 0, 4, 170.59
1638638813, 0, 370, 594, 558, 321, 5.65%, 0, 0, 4, 171.67
1638638818, 0, 370, 596, 560, 321, 5.66%, 0, 0, 4, 171.71
1638638935, 0, 373, 596, 559, 321, 5.66%, 0, 0, 4, 164.48
1638638940, 0, 373, 599, 562, 321, 5.67%, 0, 0, 4, 160.12
1638639007, 0, 373, 600, 563, 321, 5.67%, 0, 0, 4, 151.16
1638639012, 0, 373, 603, 566, 321, 5.69%, 0, 0, 4, 1691.81
1638639017, 0, 383, 607, 569, 326, 5.69%, 0, 0, 4, 1420.04
1638639022, 0, 383, 610, 572, 326, 5.70%, 0, 0, 4, 895.15
1638639027, 0, 383, 611, 573, 326, 5.70%, 0, 0, 4, 152.47
1638639078, 0, 383, 612, 574, 326, 5.70%, 0, 0, 4, 151.34
1638639114, 0, 385, 613, 574, 333, 5.70%, 0, 0, 4, 160.63
1638639119, 0, 385, 618, 579, 333, 5.71%, 0, 0, 4, 163.72
1638639124, 0, 385, 619, 580, 333, 5.71%, 0, 0, 4, 161.33
1638639134, 0, 385, 620, 581, 333, 5.85%, 0, 0, 4, 158.66
1638639226, 0, 385, 621, 582, 333, 5.85%, 0, 0, 4, 159.29
1638639236, 0, 385, 623, 584, 333, 5.85%, 0, 0, 4, 156.32
1638639241, 0, 385, 624, 585, 333, 5.85%, 0, 0, 4, 158.09
1638639247, 0, 385, 626, 587, 333, 5.88%, 0, 0, 4, 159.10
1638639272, 0, 385, 627, 588, 333, 5.89%, 0, 0, 4, 159.81
1638639303, 0, 385, 628, 589, 333, 5.90%, 0, 0, 4, 156.62
1638639390, 0, 387, 628, 588, 337, 5.90%, 0, 0, 4, 165.83
1638639513, 0, 387, 629, 589, 337, 5.90%, 0, 0, 4, 164.67
1638639518, 0, 388, 629, 588, 337, 5.90%, 0, 0, 4, 157.95
1638639523, 0, 388, 630, 589, 337, 5.92%, 0, 0, 4, 164.05
1638639610, 0, 388, 632, 591, 337, 5.93%, 0, 0, 4, 163.65
1638639616, 0, 388, 633, 592, 337, 5.93%, 0, 0, 4, 161.77
1638639626, 0, 388, 634, 593, 337, 5.93%, 0, 0, 4, 164.70
1638639636, 0, 388, 635, 594, 337, 5.93%, 0, 0, 4, 163.25
1638639646, 0, 389, 636, 594, 338, 5.94%, 0, 0, 4, 164.33
1638639657, 0, 389, 638, 596, 338, 5.94%, 0, 0, 4, 161.77
1638639749, 0, 389, 640, 598, 338, 5.95%, 0, 0, 4, 160.87
1638639769, 0, 391, 640, 597, 342, 5.95%, 0, 0, 4, 156.89
1638639861, 0, 391, 641, 598, 342, 5.97%, 0, 0, 4, 166.26
1638639897, 0, 396, 646, 602, 342, 5.99%, 0, 0, 4, 160.48
1638639907, 0, 396, 648, 604, 342, 5.99%, 0, 0, 4, 157.24
1638639912, 0, 396, 649, 605, 342, 5.99%, 0, 0, 4, 155.86
1638639917, 0, 396, 650, 606, 342, 6.00%, 0, 0, 4, 154.09
1638639928, 0, 396, 655, 611, 342, 6.00%, 0, 0, 4, 154.70
1638639979, 0, 396, 656, 612, 342, 6.00%, 0, 0, 4, 156.64
1638640009, 0, 411, 661, 616, 350, 6.02%, 0, 0, 4, 159.88
1638640112, 0, 411, 663, 618, 350, 6.02%, 0, 0, 4, 160.54
1638640117, 0, 411, 664, 619, 350, 6.02%, 0, 0, 4, 156.50
1638640132, 0, 411, 665, 620, 350, 6.03%, 0, 0, 4, 157.85
1638640137, 0, 411, 666, 621, 350, 6.03%, 0, 0, 4, 162.38
1638640158, 0, 418, 667, 621, 359, 6.03%, 0, 0, 4, 158.55
1638640163, 0, 418, 669, 623, 359, 6.04%, 0, 0, 4, 164.63
1638640199, 0, 418, 672, 626, 359, 6.04%, 0, 0, 4, 152.63
1638640204, 0, 418, 675, 629, 359, 6.05%, 0, 0, 4, 150.07
1638640265, 0, 420, 675, 628, 365, 6.05%, 0, 0, 4, 155.38
1638640270, 0, 420, 676, 629, 365, 6.05%, 0, 0, 4, 153.52
1638640275, 0, 420, 677, 630, 365, 6.05%, 0, 0, 4, 158.12
1638640291, 0, 420, 680, 633, 365, 6.05%, 0, 0, 4, 150.80
1638640311, 0, 420, 681, 634, 365, 6.05%, 0, 0, 4, 153.04
1638640383, 0, 452, 682, 634, 368, 6.07%, 0, 0, 5, 154.74
1638640388, 0, 452, 683, 635, 368, 6.07%, 0, 0, 5, 160.98
1638640491, 0, 452, 684, 636, 368, 6.07%, 0, 0, 5, 151.95
1638640516, 0, 455, 692, 643, 370, 6.08%, 0, 0, 5, 164.44
1638640526, 0, 455, 697, 648, 370, 6.09%, 0, 0, 5, 170.04
1638640532, 0, 455, 701, 652, 370, 6.12%, 0, 0, 5, 169.16
1638640542, 0, 455, 704, 655, 370, 6.13%, 0, 0, 5, 168.42
1638640573, 0, 455, 706, 657, 370, 6.14%, 0, 0, 5, 165.69
1638640603, 0, 455, 707, 658, 370, 6.14%, 0, 0, 5, 167.40
1638640644, 0, 455, 709, 660, 370, 6.15%, 0, 0, 5, 165.51
1638640660, 0, 455, 710, 661, 370, 6.15%, 0, 0, 5, 166.77
1638640670, 0, 455, 711, 662, 370, 6.15%, 0, 0, 5, 166.77
1638640695, 0, 455, 712, 663, 370, 6.22%, 0, 0, 5, 167.81
1638640721, 0, 455, 713, 664, 370, 6.22%, 0, 0, 5, 168.38
1638640741, 0, 455, 714, 665, 370, 6.22%, 0, 0, 5, 161.51
1638640792, 0, 455, 715, 666, 370, 6.23%, 0, 0, 5, 165.36
1638640797, 0, 455, 717, 668, 370, 6.25%, 0, 0, 5, 167.88
1638640803, 0, 455, 718, 669, 370, 6.26%, 0, 0, 5, 141.13
1638640813, 0, 455, 719, 670, 370, 6.26%, 0, 0, 5, 162.16
1638640818, 0, 455, 720, 671, 370, 6.26%, 0, 0, 5, 165.34
1638640833, 0, 457, 721, 671, 390, 6.29%, 0, 0, 5, 170.15
1638640961, 0, 460, 721, 670, 390, 6.29%, 0, 0, 5, 168.80
1638640966, 0, 460, 723, 672, 390, 6.30%, 0, 0, 5, 171.95
1638641069, 0, 460, 724, 673, 390, 6.30%, 0, 0, 5, 164.71
1638641079, 0, 460, 725, 674, 390, 6.30%, 0, 0, 5, 166.29
1638641095, 0, 460, 726, 675, 390, 6.30%, 0, 0, 5, 166.10
1638641130, 0, 460, 727, 676, 390, 6.30%, 0, 0, 5, 163.70
1638641268, 0, 461, 728, 676, 389, 6.30%, 0, 0, 5, 168.29
1638641345, 0, 461, 729, 677, 389, 6.32%, 0, 0, 5, 164.46
1638641370, 0, 461, 730, 678, 389, 6.32%, 0, 0, 5, 166.93
1638641375, 0, 461, 731, 679, 389, 6.32%, 0, 0, 5, 163.68
1638641390, 0, 461, 732, 680, 389, 6.32%, 0, 0, 5, 168.57
1638641426, 0, 463, 734, 681, 391, 6.32%, 0, 0, 5, 166.45
1638641544, 0, 463, 735, 682, 391, 6.32%, 0, 0, 5, 163.28
1638641559, 0, 514, 736, 682, 393, 6.32%, 0, 0, 5, 166.88
1638641564, 0, 514, 738, 684, 393, 6.32%, 0, 0, 5, 173.32
1638641569, 0, 514, 739, 685, 393, 6.32%, 0, 0, 5, 165.37
1638641625, 0, 514, 740, 686, 393, 6.33%, 0, 0, 5, 165.17
1638641630, 0, 514, 741, 687, 393, 6.33%, 0, 0, 5, 164.46
1638641646, 0, 514, 743, 689, 393, 6.33%, 0, 0, 5, 164.18
1638641656, 0, 514, 744, 690, 393, 6.33%, 0, 0, 5, 162.08
1638641707, 0, 514, 745, 691, 393, 6.33%, 0, 0, 5, 165.13
1638641717, 0, 514, 746, 692, 393, 6.34%, 0, 0, 5, 1490.81
1638641722, 0, 518, 746, 691, 397, 6.34%, 0, 0, 5, 936.58
1638641728, 0, 518, 749, 694, 397, 6.34%, 0, 0, 5, 171.24
1638641840, 0, 525, 749, 693, 398, 6.34%, 0, 0, 5, 167.32
1638641845, 0, 525, 751, 695, 398, 6.37%, 0, 0, 5, 169.79
1638641881, 0, 525, 752, 696, 398, 6.37%, 0, 0, 5, 164.55
1638641927, 0, 525, 753, 697, 398, 6.38%, 0, 0, 5, 164.99
1638641953, 0, 525, 754, 698, 398, 6.38%, 0, 0, 5, 164.04
1638641958, 0, 525, 755, 699, 398, 6.38%, 0, 0, 5, 164.22
1638641968, 0, 525, 756, 700, 398, 6.38%, 0, 0, 5, 162.46
1638641999, 0, 525, 757, 701, 398, 6.38%, 0, 0, 5, 163.02
1638642142, 0, 549, 757, 700, 402, 6.38%, 0, 0, 5, 167.12
1638642147, 0, 549, 758, 701, 402, 6.39%, 0, 0, 5, 160.17
1638642270, 0, 552, 759, 701, 402, 6.39%, 0, 0, 5, 161.37
1638642352, 0, 554, 760, 701, 402, 6.39%, 0, 0, 5, 160.45
1638642357, 0, 554, 766, 707, 402, 6.44%, 0, 0, 5, 160.96
1638642362, 0, 554, 767, 708, 402, 6.44%, 0, 0, 5, 144.74
1638642367, 0, 554, 768, 709, 402, 6.44%, 0, 0, 5, 151.74
1638642383, 0, 554, 770, 711, 402, 6.45%, 0, 0, 5, 152.88
1638642429, 0, 554, 771, 712, 402, 6.45%, 0, 0, 5, 153.58
1638642434, 0, 554, 772, 713, 402, 6.45%, 0, 0, 5, 154.07
1638642439, 0, 554, 773, 714, 402, 6.45%, 0, 0, 5, 153.10
1638642460, 0, 554, 774, 715, 402, 6.45%, 0, 0, 5, 154.74
1638642465, 0, 554, 775, 716, 402, 6.45%, 0, 0, 5, 154.06
1638642475, 0, 554, 776, 717, 402, 6.45%, 0, 0, 5, 154.15
1638642480, 0, 554, 777, 718, 402, 6.45%, 0, 0, 5, 153.32
1638642506, 0, 554, 778, 719, 402, 6.45%, 0, 0, 5, 156.37
1638642516, 0, 554, 779, 720, 402, 6.45%, 0, 0, 5, 156.86
1638642542, 0, 554, 780, 721, 402, 6.45%, 0, 0, 5, 153.46
1638642552, 0, 554, 781, 722, 402, 6.45%, 0, 0, 5, 153.79
1638642572, 0, 554, 782, 723, 402, 6.45%, 0, 0, 5, 151.98
1638642603, 0, 554, 783, 724, 402, 6.45%, 0, 0, 5, 144.82
1638642649, 0, 555, 783, 723, 410, 6.45%, 0, 0, 5, 158.08
1638642654, 0, 555, 784, 724, 410, 6.45%, 0, 0, 5, 160.54
1638642731, 0, 560, 784, 723, 410, 6.45%, 0, 0, 5, 159.07
1638642813, 0, 564, 785, 723, 409, 6.45%, 0, 0, 5, 161.08
1638642818, 0, 564, 790, 728, 409, 6.45%, 0, 0, 5, 154.91
1638642900, 0, 564, 791, 729, 409, 6.45%, 0, 0, 5, 151.18
1638642920, 0, 564, 792, 730, 409, 6.45%, 0, 0, 5, 150.78
1638642926, 0, 564, 793, 731, 409, 6.46%, 0, 0, 5, 150.16
1638642941, 0, 564, 794, 732, 409, 6.46%, 0, 0, 5, 148.05
1638642946, 0, 564, 795, 733, 409, 6.46%, 0, 0, 5, 151.28
1638642961, 0, 564, 796, 734, 409, 6.46%, 0, 0, 5, 151.40
1638642977, 0, 564, 797, 735, 409, 6.46%, 0, 0, 5, 151.59
1638643130, 0, 566, 797, 734, 411, 6.46%, 0, 0, 5, 159.71
1638643135, 0, 566, 798, 735, 411, 6.48%, 0, 0, 5, 164.02
1638643161, 0, 566, 799, 736, 411, 6.48%, 0, 0, 5, 155.44
1638643232, 0, 566, 801, 738, 411, 6.49%, 0, 0, 5, 155.12
1638643248, 0, 566, 804, 741, 411, 6.53%, 0, 0, 5, 151.18
1638643253, 0, 566, 805, 742, 411, 6.54%, 0, 0, 5, 152.29
1638643258, 0, 566, 806, 743, 411, 6.54%, 0, 0, 5, 152.89
1638643268, 0, 566, 807, 744, 411, 6.55%, 0, 0, 5, 155.93
1638643278, 0, 566, 808, 745, 411, 6.56%, 0, 0, 5, 157.53
1638643284, 0, 566, 810, 747, 411, 6.56%, 0, 0, 5, 153.21
1638643294, 0, 566, 811, 748, 411, 6.57%, 0, 0, 5, 157.06
1638643304, 0, 566, 813, 750, 411, 6.57%, 0, 0, 5, 157.10
1638643314, 0, 566, 814, 751, 411, 6.57%, 0, 0, 5, 152.56
1638643325, 0, 566, 816, 753, 411, 6.57%, 0, 0, 5, 153.60
1638643330, 0, 566, 817, 754, 411, 6.58%, 0, 0, 5, 155.25
1638643350, 0, 566, 818, 755, 411, 6.58%, 0, 0, 5, 155.58
1638643376, 0, 566, 819, 756, 411, 6.58%, 0, 0, 5, 153.05
1638643381, 0, 566, 820, 757, 411, 6.59%, 0, 0, 5, 153.89
1638643407, 0, 566, 821, 758, 411, 6.59%, 0, 0, 5, 156.16
1638643422, 0, 566, 822, 759, 411, 6.59%, 0, 0, 5, 156.11
1638643432, 0, 566, 823, 760, 411, 6.59%, 0, 0, 5, 154.33
1638643453, 0, 568, 823, 759, 429, 6.59%, 0, 0, 5, 159.04
1638643545, 0, 572, 824, 759, 428, 6.59%, 0, 0, 5, 159.90
1638643550, 0, 572, 830, 765, 428, 6.64%, 0, 0, 5, 158.53
1638643555, 0, 572, 832, 767, 428, 6.64%, 0, 0, 5, 154.92
1638643586, 0, 572, 833, 768, 428, 6.64%, 0, 0, 5, 151.76
1638643637, 0, 572, 834, 769, 428, 6.65%, 0, 0, 5, 154.25
1638643647, 0, 572, 838, 773, 428, 6.67%, 0, 0, 5, 153.76
1638643652, 0, 572, 839, 774, 428, 6.67%, 0, 0, 5, 152.98
1638643657, 0, 572, 840, 775, 428, 6.67%, 0, 0, 5, 151.68
1638643662, 0, 572, 842, 777, 428, 6.67%, 0, 0, 5, 151.69
1638643667, 0, 572, 843, 778, 428, 6.67%, 0, 0, 5, 151.42
1638643673, 0, 572, 844, 779, 428, 6.67%, 0, 0, 5, 149.27
1638643683, 0, 572, 845, 780, 428, 6.67%, 0, 0, 5, 147.33
1638643688, 0, 572, 846, 781, 428, 6.67%, 0, 0, 5, 150.70
1638643754, 0, 572, 847, 782, 428, 6.67%, 0, 0, 5, 150.31
1638643764, 0, 572, 848, 783, 428, 6.67%, 0, 0, 5, 151.00
1638643785, 0, 572, 849, 784, 428, 6.68%, 0, 0, 5, 153.71
1638643790, 0, 572, 850, 785, 428, 6.68%, 0, 0, 5, 151.45
1638643861, 0, 572, 851, 786, 428, 6.68%, 0, 0, 5, 147.95
1638643872, 0, 574, 853, 787, 439, 6.68%, 0, 0, 5, 164.00
1638643958, 0, 574, 854, 788, 439, 6.68%, 0, 0, 5, 165.54
1638643999, 0, 577, 862, 795, 441, 6.80%, 0, 0, 5, 165.71
1638644005, 0, 577, 863, 796, 441, 6.81%, 0, 0, 5, 170.37
1638644056, 0, 577, 864, 797, 441, 6.82%, 0, 0, 5, 161.58
1638644086, 0, 577, 865, 798, 441, 6.82%, 0, 0, 5, 159.84
1638644127, 0, 578, 868, 800, 451, 6.83%, 0, 0, 5, 168.70
1638644250, 0, 578, 869, 801, 451, 6.84%, 0, 0, 5, 168.18
1638644271, 0, 590, 871, 802, 454, 6.85%, 0, 0, 5, 170.98
1638644398, 0, 591, 872, 802, 455, 6.85%, 0, 0, 5, 173.65
1638644429, 0, 593, 872, 801, 455, 6.85%, 0, 0, 5, 167.39
1638644434, 0, 593, 874, 803, 455, 6.86%, 0, 0, 5, 126.88
1638644556, 0, 594, 874, 802, 456, 6.86%, 0, 0, 5, 175.46
1638644679, 0, 595, 874, 801, 455, 6.86%, 0, 0, 5, 171.66
1638644684, 0, 595, 875, 802, 455, 6.86%, 0, 0, 5, 169.55
1638644807, 0, 596, 875, 801, 455, 6.86%, 0, 0, 5, 167.72
1638644812, 0, 596, 877, 803, 455, 6.86%, 0, 0, 5, 155.36
1638644822, 0, 596, 878, 804, 455, 6.88%, 0, 0, 5, 152.05
1638644843, 0, 596, 879, 805, 455, 6.88%, 0, 0, 5, 150.32
1638644873, 0, 596, 883, 809, 455, 6.89%, 0, 0, 5, 150.67
1638644889, 0, 596, 884, 810, 455, 6.90%, 0, 0, 5, 151.17
1638644894, 0, 596, 885, 811, 455, 6.91%, 0, 0, 5, 152.32
1638644915, 0, 596, 886, 812, 455, 6.92%, 0, 0, 5, 150.65
1638644991, 0, 600, 886, 811, 464, 6.92%, 0, 0, 5, 151.33
1638644996, 0, 600, 891, 816, 464, 6.98%, 0, 0, 5, 156.26
1638645007, 0, 600, 892, 817, 464, 6.99%, 0, 0, 5, 154.62
1638645063, 0, 600, 896, 821, 464, 7.03%, 0, 0, 5, 154.34
1638645073, 0, 600, 897, 822, 464, 7.03%, 0, 0, 5, 154.53
1638645094, 0, 600, 898, 823, 464, 7.04%, 0, 0, 5, 155.47
1638645125, 0, 600, 899, 824, 464, 7.04%, 0, 0, 5, 153.12
1638645155, 0, 600, 900, 825, 464, 7.04%, 0, 0, 5, 158.00
1638645181, 0, 600, 901, 826, 464, 7.05%, 0, 0, 5, 152.46
1638645222, 0, 600, 902, 827, 464, 7.05%, 0, 0, 5, 155.97
1638645238, 0, 601, 902, 826, 480, 7.05%, 0, 0, 5, 160.06
1638645243, 0, 601, 906, 830, 480, 7.07%, 0, 0, 5, 157.21
1638645248, 0, 601, 907, 831, 480, 7.08%, 0, 0, 5, 155.89
1638645258, 0, 601, 908, 832, 480, 7.08%, 0, 0, 5, 154.77
1638645269, 0, 601, 909, 833, 480, 7.08%, 0, 0, 5, 152.07
1638645274, 0, 601, 910, 834, 480, 7.09%, 0, 0, 5, 155.44
1638645360, 0, 601, 911, 835, 480, 7.09%, 0, 0, 5, 153.16
1638645411, 0, 609, 911, 834, 487, 7.09%, 0, 0, 5, 158.51
1638645417, 0, 609, 912, 835, 487, 7.10%, 0, 0, 5, 158.30
1638645452, 0, 609, 913, 836, 487, 7.15%, 0, 0, 5, 150.05
1638645509, 0, 609, 914, 837, 487, 7.15%, 0, 0, 5, 148.62
1638645534, 0, 609, 915, 838, 487, 7.17%, 0, 0, 5, 151.41
1638645539, 0, 609, 916, 839, 487, 7.18%, 0, 0, 5, 152.16
1638645559, 0, 609, 917, 840, 487, 7.26%, 0, 0, 5, 148.39
1638645600, 0, 609, 918, 841, 487, 7.26%, 0, 0, 5, 151.07
1638645626, 0, 609, 919, 842, 487, 7.26%, 0, 0, 5, 149.17
1638645698, 0, 627, 919, 841, 492, 7.26%, 0, 0, 5, 155.85
1638645703, 0, 627, 921, 843, 492, 7.30%, 0, 0, 5, 160.70
1638645770, 0, 627, 922, 844, 492, 7.30%, 0, 0, 5, 157.74
1638645775, 0, 627, 923, 845, 492, 7.30%, 0, 0, 5, 155.72
1638645800, 0, 628, 923, 844, 494, 7.30%, 0, 0, 5, 167.27
1638645846, 0, 628, 924, 845, 494, 7.30%, 0, 0, 5, 162.68
1638645867, 0, 645, 924, 844, 493, 7.30%, 0, 0, 5, 163.17
1638645984, 0, 656, 927, 846, 492, 7.32%, 0, 0, 5, 168.58
1638645989, 0, 656, 928, 847, 492, 7.33%, 0, 0, 5, 173.07
1638646112, 0, 674, 928, 846, 495, 7.33%, 0, 0, 5, 158.80
1638646153, 0, 674, 929, 847, 495, 7.33%, 0, 0, 5, 152.31
1638646224, 0, 679, 929, 846, 494, 7.33%, 0, 0, 5, 151.21
1638646342, 0, 701, 929, 845, 493, 7.33%, 0, 0, 5, 162.00
1638646470, 0, 712, 929, 844, 492, 7.33%, 0, 0, 5, 166.94
1638646475, 0, 712, 930, 845, 492, 7.33%, 0, 0, 6, 164.06
1638646598, 0, 714, 930, 844, 492, 7.33%, 0, 0, 6, 164.84
1638646603, 0, 714, 932, 846, 492, 7.33%, 0, 0, 6, 163.42
1638646689, 0, 714, 933, 847, 492, 7.33%, 0, 0, 6, 156.83
1638646730, 0, 715, 939, 852, 494, 7.34%, 0, 0, 6, 166.11
1638646736, 0, 715, 940, 853, 494, 7.34%, 0, 0, 6, 169.86
1638646858, 0, 720, 941, 853, 495, 7.34%, 0, 0, 6, 166.10
1638646864, 0, 720, 942, 854, 495, 7.36%, 0, 0, 6, 170.71
1638646950, 0, 720, 943, 855, 495, 7.37%, 0, 0, 6, 160.83
1638646961, 0, 720, 944, 856, 495, 7.37%, 0, 0, 6, 161.61
1638646976, 0, 720, 945, 857, 495, 7.37%, 0, 0, 6, 159.48
1638646991, 0, 721, 945, 856, 498, 7.37%, 0, 0, 6, 166.83
1638646996, 0, 721, 947, 858, 498, 7.37%, 0, 0, 6, 175.42
1638647114, 0, 732, 947, 857, 499, 7.37%, 0, 0, 6, 159.23
1638647119, 0, 732, 949, 859, 499, 7.38%, 0, 0, 6, 166.71
1638647232, 0, 743, 949, 858, 500, 7.38%, 0, 0, 6, 168.12
1638647237, 0, 743, 952, 861, 500, 7.38%, 0, 0, 6, 174.05
1638647314, 0, 743, 953, 862, 500, 7.39%, 0, 0, 6, 164.93
1638647334, 0, 746, 953, 861, 501, 7.39%, 0, 0, 6, 164.03
1638647416, 0, 749, 954, 861, 500, 7.39%, 0, 0, 6, 1522.61
1638647421, 0, 749, 955, 862, 500, 7.39%, 0, 0, 6, 1037.75
1638647432, 0, 749, 957, 864, 500, 7.40%, 0, 0, 6, 165.74
1638647437, 0, 749, 959, 866, 500, 7.41%, 0, 0, 6, 168.94
1638647447, 0, 749, 960, 867, 500, 7.41%, 0, 0, 6, 165.02
1638647467, 0, 750, 960, 866, 506, 7.41%, 0, 0, 6, 166.92
1638647472, 0, 750, 961, 867, 506, 7.41%, 0, 0, 6, 169.71
1638647488, 0, 750, 962, 868, 506, 7.41%, 0, 0, 6, 162.88
1638647585, 0, 755, 969, 874, 505, 7.43%, 0, 0, 6, 165.74
1638647590, 0, 755, 971, 876, 505, 7.43%, 0, 0, 6, 168.01
1638647600, 0, 755, 972, 877, 505, 7.45%, 0, 0, 6, 162.86
1638647651, 0, 755, 973, 878, 505, 7.46%, 0, 0, 6, 159.60
1638647677, 0, 755, 974, 879, 505, 7.46%, 0, 0, 6, 163.07
1638647682, 0, 755, 975, 880, 505, 7.46%, 0, 0, 6, 161.71
1638647687, 0, 755, 976, 881, 505, 7.47%, 0, 0, 6, 163.37
1638647718, 0, 755, 977, 882, 505, 7.49%, 0, 0, 6, 161.50
1638647877, 0, 760, 978, 882, 511, 7.49%, 0, 0, 6, 164.35
1638647882, 0, 760, 979, 883, 511, 7.50%, 0, 0, 6, 160.47
1638647892, 0, 760, 980, 884, 511, 7.51%, 0, 0, 6, 151.02
1638647970, 0, 761, 980, 883, 513, 7.51%, 0, 0, 6, 154.87
1638648005, 0, 761, 981, 884, 513, 7.51%, 0, 0, 6, 149.93
1638648077, 0, 777, 982, 884, 511, 7.51%, 0, 0, 6, 155.64
1638648082, 0, 777, 983, 885, 511, 7.51%, 0, 0, 6, 155.46
1638648164, 0, 780, 983, 884, 512, 7.51%, 0, 0, 6, 151.69
1638648169, 0, 780, 987, 888, 512, 7.52%, 0, 0, 6, 155.49
1638648174, 0, 780, 988, 889, 512, 7.52%, 0, 0, 6, 157.02
1638648261, 0, 780, 989, 890, 512, 7.52%, 0, 0, 6, 149.71
1638648292, 0, 780, 991, 892, 512, 7.52%, 0, 0, 6, 152.24
1638648307, 0, 780, 992, 893, 512, 7.52%, 0, 0, 6, 150.63
1638648322, 0, 780, 993, 894, 512, 7.53%, 0, 0, 6, 150.79
1638648507, 0, 783, 993, 893, 516, 7.53%, 0, 0, 6, 153.99
1638648512, 0, 783, 994, 894, 516, 7.53%, 0, 0, 6, 156.46
1638648588, 0, 800, 994, 893, 516, 7.53%, 0, 0, 6, 159.61
1638648594, 0, 800, 995, 894, 516, 7.54%, 0, 0, 6, 158.66
1638648599, 0, 800, 996, 895, 516, 7.54%, 0, 0, 6, 155.04
1638648676, 0, 800, 997, 896, 516, 7.54%, 0, 0, 6, 152.54
1638648681, 0, 800, 998, 897, 516, 7.55%, 0, 0, 6, 152.05
1638648691, 0, 800, 999, 898, 516, 7.55%, 0, 0, 6, 148.45
1638648701, 0, 800, 1000, 899, 516, 7.55%, 0, 0, 6, 153.62
1638648706, 0, 800, 1001, 900, 516, 7.55%, 0, 0, 6, 154.61
1638648711, 0, 800, 1004, 903, 516, 7.58%, 0, 0, 6, 152.10
1638648732, 0, 800, 1005, 904, 516, 7.58%, 0, 0, 6, 151.44
1638648747, 0, 800, 1006, 905, 516, 7.59%, 0, 0, 6, 148.27
1638648840, 0, 800, 1007, 906, 516, 7.59%, 0, 0, 6, 132.48
1638648896, 0, 800, 1008, 907, 516, 7.60%, 0, 0, 6, 152.96
1638648926, 0, 825, 1008, 906, 521, 7.60%, 0, 0, 6, 155.96
1638648932, 0, 825, 1009, 907, 521, 7.60%, 0, 0, 6, 151.90
1638648942, 0, 825, 1010, 908, 521, 7.60%, 0, 0, 6, 152.84
1638649008, 0, 825, 1011, 909, 521, 7.60%, 0, 0, 6, 156.83
1638649029, 0, 839, 1011, 908, 523, 7.60%, 0, 0, 6, 148.09
1638649034, 0, 839, 1012, 909, 523, 7.60%, 0, 0, 6, 155.34
1638649121, 0, 852, 1012, 908, 523, 7.60%, 0, 0, 6, 165.13
1638649239, 0, 857, 1012, 907, 522, 7.60%, 0, 0, 6, 171.27
1638649244, 0, 857, 1027, 922, 522, 7.69%, 0, 0, 6, 167.48
1638649249, 0, 857, 1033, 928, 522, 7.75%, 0, 0, 6, 168.95
1638649326, 0, 857, 1034, 929, 522, 7.75%, 0, 0, 6, 164.88
1638649336, 0, 857, 1035, 930, 522, 7.75%, 0, 0, 6, 165.78
1638649362, 0, 857, 1036, 931, 522, 7.75%, 0, 0, 6, 161.30
1638649377, 0, 858, 1036, 930, 540, 7.75%, 0, 0, 6, 167.45
1638649382, 0, 858, 1041, 935, 540, 7.82%, 0, 0, 6, 165.20
1638649387, 0, 858, 1042, 936, 540, 7.92%, 0, 0, 6, 167.27
1638649464, 0, 858, 1043, 937, 540, 7.92%, 0, 0, 6, 165.11
1638649505, 0, 859, 1043, 936, 546, 7.92%, 0, 0, 6, 167.53
1638649632, 0, 868, 1043, 935, 545, 7.92%, 0, 0, 6, 164.92
1638649663, 0, 868, 1044, 936, 545, 7.92%, 0, 0, 6, 159.40
1638649684, 0, 868, 1045, 937, 545, 7.96%, 0, 0, 6, 158.87
1638649699, 0, 869, 1045, 936, 546, 7.96%, 0, 0, 6, 156.73
1638649704, 0, 869, 1046, 937, 546, 7.97%, 0, 0, 6, 168.39
1638649832, 0, 871, 1046, 936, 546, 7.97%, 0, 0, 6, 166.82
1638649970, 0, 888, 1046, 935, 545, 7.97%, 0, 0, 6, 166.05
1638649985, 0, 888, 1047, 936, 545, 7.97%, 0, 0, 6, 156.50
1638650047, 0, 888, 1048, 937, 545, 7.97%, 0, 0, 6, 153.38
1638650052, 0, 888, 1051, 940, 545, 7.97%, 0, 0, 6, 152.53
1638650062, 0, 888, 1052, 941, 545, 7.98%, 0, 0, 6, 156.44
1638650072, 0, 888, 1053, 942, 545, 7.98%, 0, 0, 6, 151.94
1638650093, 0, 890, 1055, 943, 550, 7.98%, 0, 0, 6, 154.63
1638650098, 0, 890, 1056, 944, 550, 8.01%, 0, 0, 6, 158.06
1638650149, 0, 890, 1058, 946, 550, 8.01%, 0, 0, 6, 155.33
1638650175, 0, 891, 1059, 946, 554, 8.01%, 0, 0, 6, 161.07
1638650180, 0, 891, 1060, 947, 554, 8.02%, 0, 0, 6, 160.81
1638650267, 0, 897, 1060, 946, 555, 8.02%, 0, 0, 6, 155.66
1638650272, 0, 897, 1061, 947, 555, 8.03%, 0, 0, 6, 159.00
1638650349, 0, 901, 1061, 946, 555, 8.03%, 0, 0, 6, 156.29
1638650354, 0, 901, 1066, 951, 555, 8.05%, 0, 0, 6, 160.60
1638650441, 0, 903, 1066, 950, 559, 8.05%, 0, 0, 6, 151.68
1638650446, 0, 903, 1068, 952, 559, 8.05%, 0, 0, 6, 154.75
1638650457, 0, 903, 1069, 953, 559, 8.05%, 0, 0, 6, 153.08
1638650462, 0, 903, 1070, 954, 559, 8.05%, 0, 0, 6, 149.45
1638650482, 0, 903, 1071, 955, 559, 8.06%, 0, 0, 6, 152.92
1638650554, 0, 904, 1071, 954, 561, 8.06%, 0, 0, 6, 158.49
1638650559, 0, 904, 1072, 955, 561, 8.06%, 0, 0, 6, 159.45
1638650585, 0, 904, 1073, 956, 561, 8.06%, 0, 0, 6, 153.87
1638650636, 0, 912, 1073, 955, 562, 8.06%, 0, 0, 6, 155.03
1638650641, 0, 912, 1087, 969, 562, 8.14%, 0, 0, 6, 151.38
1638650646, 0, 912, 1093, 975, 562, 8.22%, 0, 0, 6, 152.85
1638650651, 0, 912, 1094, 976, 562, 8.23%, 0, 0, 6, 151.00
1638650656, 0, 912, 1097, 979, 562, 8.24%, 0, 0, 6, 149.66
1638650672, 0, 912, 1098, 980, 562, 8.24%, 0, 0, 6, 150.29
1638650682, 0, 912, 1099, 981, 562, 8.24%, 0, 0, 6, 150.15
1638650713, 0, 912, 1133, 1015, 562, 8.44%, 0, 0, 6, 1680.66
1638650718, 0, 912, 1157, 1039, 562, 8.52%, 0, 0, 6, 1326.86
1638650723, 0, 912, 1162, 1044, 562, 8.54%, 0, 0, 6, 831.58
1638650728, 0, 912, 1164, 1046, 562, 8.55%, 0, 0, 6, 142.35
1638650743, 0, 912, 1165, 1047, 562, 8.55%, 0, 0, 6, 149.16
1638650759, 0, 912, 1167, 1049, 562, 8.55%, 0, 0, 6, 150.29
1638650769, 0, 912, 1168, 1050, 562, 8.56%, 0, 0, 6, 146.94
1638650785, 0, 912, 1169, 1051, 562, 8.56%, 0, 0, 6, 148.98
1638650790, 0, 912, 1171, 1053, 562, 8.57%, 0, 0, 6, 149.32
1638650805, 0, 912, 1173, 1055, 562, 8.58%, 0, 0, 6, 149.49
1638650815, 0, 916, 1175, 1056, 604, 8.58%, 0, 0, 6, 155.89
1638650820, 0, 916, 1191, 1072, 604, 8.66%, 0, 0, 6, 153.36
1638650826, 0, 916, 1199, 1080, 604, 8.66%, 0, 0, 6, 149.41
1638650831, 0, 916, 1200, 1081, 604, 8.66%, 0, 0, 6, 147.99
1638650836, 0, 916, 1202, 1083, 604, 8.66%, 0, 0, 6, 147.43
1638650841, 0, 916, 1203, 1084, 604, 8.66%, 0, 0, 6, 150.55
1638650846, 0, 916, 1210, 1091, 604, 8.67%, 0, 0, 6, 149.42
1638650881, 0, 916, 1212, 1093, 604, 8.67%, 0, 0, 6, 147.09
1638650907, 0, 916, 1213, 1094, 604, 8.67%, 0, 0, 6, 148.92
1638650917, 0, 916, 1215, 1096, 604, 8.67%, 0, 0, 6, 147.66
1638650927, 0, 916, 1220, 1101, 604, 8.67%, 0, 0, 6, 146.83
1638650933, 0, 916, 1222, 1103, 604, 8.67%, 0, 0, 6, 146.10
1638650953, 0, 916, 1223, 1104, 604, 8.67%, 0, 0, 6, 145.80
1638651096, 0, 917, 1223, 1103, 614, 8.67%, 0, 0, 6, 155.37
1638651106, 0, 917, 1224, 1104, 614, 8.67%, 0, 0, 6, 153.94
1638651224, 0, 920, 1225, 1104, 613, 8.68%, 0, 0, 6, 162.64
1638651301, 0, 920, 1226, 1105, 613, 8.68%, 0, 0, 6, 160.36
1638651342, 0, 920, 1227, 1106, 613, 8.68%, 0, 0, 6, 161.54
1638651357, 0, 925, 1227, 1105, 614, 8.68%, 0, 0, 6, 164.76
1638651501, 0, 926, 1228, 1105, 613, 8.69%, 0, 0, 6, 169.27
1638651639, 0, 927, 1228, 1104, 613, 8.69%, 0, 0, 6, 157.57
1638651726, 0, 927, 1229, 1105, 613, 8.69%, 0, 0, 6, 171.62
1638651767, 0, 930, 1230, 1105, 613, 8.70%, 0, 0, 7, 174.47
1638651772, 0, 930, 1231, 1106, 613, 8.70%, 0, 0, 7, 170.93
1638651777, 0, 930, 1232, 1107, 613, 8.71%, 0, 0, 7, 164.53
1638651895, 0, 932, 1232, 1106, 615, 8.71%, 0, 0, 7, 165.72
1638651920, 0, 932, 1234, 1108, 615, 8.72%, 0, 0, 7, 165.69
1638652017, 0, 943, 1238, 1111, 615, 8.73%, 0, 0, 7, 168.81
1638652033, 0, 943, 1239, 1112, 615, 8.73%, 0, 0, 7, 166.28
1638652043, 0, 943, 1241, 1114, 615, 8.74%, 0, 0, 7, 169.05
1638652104, 0, 943, 1242, 1115, 615, 8.74%, 0, 0, 7, 168.21
1638652145, 0, 945, 1242, 1114, 617, 8.74%, 0, 0, 7, 169.31
1638652263, 0, 947, 1243, 1114, 616, 8.74%, 0, 0, 7, 169.57
1638652376, 0, 948, 1243, 1113, 616, 8.74%, 0, 0, 7, 161.36
1638652493, 0, 951, 1243, 1112, 615, 8.74%, 0, 0, 7, 170.24
1638652498, 0, 951, 1244, 1113, 615, 8.75%, 0, 0, 7, 165.05
1638652586, 0, 969, 1244, 1112, 615, 8.75%, 0, 0, 7, 169.28
1638652647, 0, 978, 1244, 1111, 614, 8.75%, 0, 0, 7, 172.14
1638652652, 0, 978, 1245, 1112, 614, 8.75%, 0, 0, 7, 160.18
1638652663, 0, 978, 1246, 1113, 614, 8.75%, 0, 0, 7, 153.54
1638652683, 0, 978, 1247, 1114, 614, 8.75%, 0, 0, 7, 152.22
1638652755, 0, 981, 1247, 1113, 616, 8.75%, 0, 0, 7, 157.20
1638652760, 0, 981, 1248, 1114, 616, 8.75%, 0, 0, 7, 159.30
1638652765, 0, 981, 1249, 1115, 616, 8.76%, 0, 0, 7, 160.68
1638652811, 0, 982, 1249, 1114, 617, 8.76%, 0, 0, 7, 1815.54
1638652826, 0, 992, 1251, 1115, 616, 8.76%, 0, 0, 7, 150.67
1638652831, 0, 992, 1254, 1118, 616, 8.76%, 0, 0, 7, 151.91
1638652943, 0, 992, 1255, 1119, 616, 8.76%, 0, 0, 7, 154.33
1638652969, 0, 1006, 1255, 1118, 620, 8.76%, 0, 0, 7, 156.97
1638652974, 0, 1006, 1257, 1120, 620, 8.77%, 0, 0, 7, 161.67
1638653076, 0, 1013, 1257, 1119, 621, 8.77%, 0, 0, 7, 156.93
1638653081, 0, 1013, 1262, 1124, 621, 8.79%, 0, 0, 7, 164.65
1638653086, 0, 1013, 1263, 1125, 621, 8.79%, 0, 0, 7, 162.53
1638653203, 0, 1014, 1272, 1133, 625, 8.82%, 0, 0, 7, 167.16
1638653326, 0, 1017, 1280, 1140, 628, 8.85%, 0, 0, 7, 169.09
1638653331, 0, 1017, 1281, 1141, 628, 8.86%, 0, 0, 7, 174.69
1638653336, 0, 1017, 1282, 1142, 628, 8.86%, 0, 0, 7, 164.95
1638653448, 0, 1035, 1284, 1143, 630, 8.87%, 0, 0, 7, 164.83
1638653454, 0, 1035, 1286, 1145, 630, 8.87%, 0, 0, 7, 167.10
1638653479, 0, 1035, 1287, 1146, 630, 8.88%, 0, 0, 7, 163.70
1638653572, 0, 1037, 1287, 1145, 633, 8.88%, 0, 0, 7, 162.60
1638653602, 0, 1037, 1288, 1146, 633, 8.89%, 0, 0, 7, 165.84
1638653658, 0, 1037, 1289, 1147, 633, 8.89%, 0, 0, 7, 164.80
1638653699, 0, 1041, 1290, 1147, 634, 8.90%, 0, 0, 7, 167.54
1638653822, 0, 1050, 1290, 1146, 634, 8.90%, 0, 0, 7, 152.20
1638653827, 0, 1050, 1293, 1149, 634, 8.91%, 0, 0, 7, 156.64
1638653924, 0, 1055, 1293, 1148, 636, 8.91%, 0, 0, 7, 159.14
1638653929, 0, 1055, 1296, 1151, 636, 8.93%, 0, 0, 7, 156.52
1638653955, 0, 1055, 1297, 1152, 636, 8.93%, 0, 0, 7, 153.73
1638653991, 0, 1055, 1298, 1153, 636, 8.93%, 0, 0, 7, 154.28
1638654001, 0, 1055, 1299, 1154, 636, 8.93%, 0, 0, 7, 150.29
1638654026, 0, 1059, 1299, 1153, 640, 8.93%, 0, 0, 7, 158.11
1638654032, 0, 1059, 1304, 1158, 640, 8.95%, 0, 0, 7, 155.13
1638654124, 0, 1062, 1304, 1157, 644, 8.95%, 0, 0, 7, 156.36
1638654129, 0, 1062, 1306, 1159, 644, 8.95%, 0, 0, 7, 153.11
1638654216, 0, 1062, 1307, 1160, 644, 8.95%, 0, 0, 7, 154.42
1638654241, 0, 1063, 1307, 1159, 644, 8.95%, 0, 0, 7, 155.69
1638654246, 0, 1063, 1308, 1160, 644, 8.96%, 0, 0, 7, 154.15
1638654339, 0, 1064, 1308, 1159, 644, 8.96%, 0, 0, 7, 157.75
1638654344, 0, 1064, 1309, 1160, 644, 8.96%, 0, 0, 7, 159.57
1638654436, 0, 1065, 1310, 1160, 644, 8.96%, 0, 0, 7, 153.94
1638654528, 0, 1121, 1310, 1159, 644, 8.96%, 0, 0, 7, 187.19
1638654534, 0, 1121, 1314, 1163, 644, 8.96%, 0, 0, 7, 158.28
1638654610, 0, 1121, 1315, 1164, 644, 9.01%, 0, 0, 7, 149.28
1638654615, 0, 1121, 1316, 1165, 644, 9.01%, 0, 0, 7, 147.10
1638654631, 0, 1121, 1319, 1168, 644, 9.02%, 0, 0, 7, 147.01
1638654671, 0, 1121, 1320, 1169, 644, 9.02%, 0, 0, 7, 149.39
1638654717, 0, 1132, 1321, 1169, 648, 9.03%, 0, 0, 7, 153.42
1638654722, 0, 1132, 1328, 1176, 648, 9.05%, 0, 0, 7, 142.64
1638654728, 0, 1132, 1331, 1179, 648, 9.05%, 0, 0, 7, 149.50
1638654738, 0, 1132, 1332, 1180, 648, 9.05%, 0, 0, 7, 145.31
1638654753, 0, 1132, 1334, 1182, 648, 9.05%, 0, 0, 7, 146.86
1638654819, 0, 1132, 1336, 1184, 648, 9.06%, 0, 0, 7, 146.27
1638654860, 0, 1152, 1336, 1183, 654, 9.06%, 0, 0, 7, 154.21
1638655008, 0, 1154, 1336, 1182, 653, 9.06%, 0, 0, 7, 157.90
1638655013, 0, 1154, 1338, 1184, 653, 9.06%, 0, 0, 7, 151.41
1638655019, 0, 1154, 1340, 1186, 653, 9.07%, 0, 0, 7, 154.27
1638655044, 0, 1154, 1341, 1187, 653, 9.07%, 0, 0, 7, 147.39
1638655101, 0, 1154, 1343, 1189, 653, 9.07%, 0, 0, 7, 147.92
1638655111, 0, 1154, 1344, 1190, 653, 9.07%, 0, 0, 7, 145.59
1638655116, 0, 1154, 1345, 1191, 653, 9.07%, 0, 0, 7, 147.01
1638655131, 0, 1154, 1346, 1192, 653, 9.07%, 0, 0, 7, 147.70
1638655172, 0, 1154, 1349, 1195, 653, 9.07%, 0, 0, 7, 146.53
1638655285, 0, 1162, 1351, 1196, 656, 9.08%, 0, 0, 7, 151.84
1638655290, 0, 1162, 1358, 1203, 656, 9.10%, 0, 0, 7, 155.14
1638655366, 0, 1162, 1360, 1205, 656, 9.12%, 0, 0, 7, 146.93
1638655371, 0, 1162, 1363, 1208, 656, 9.15%, 0, 0, 7, 148.07
1638655376, 0, 1162, 1366, 1211, 656, 9.16%, 0, 0, 7, 150.21
1638655382, 0, 1162, 1367, 1212, 656, 9.17%, 0, 0, 7, 147.65
1638655387, 0, 1162, 1368, 1213, 656, 9.17%, 0, 0, 7, 146.73
1638655402, 0, 1162, 1372, 1217, 656, 9.18%, 0, 0, 7, 146.22
1638655433, 0, 1162, 1373, 1218, 656, 9.18%, 0, 0, 7, 143.56
1638655438, 0, 1162, 1374, 1219, 656, 9.18%, 0, 0, 7, 145.34
1638655448, 0, 1162, 1375, 1220, 656, 9.19%, 0, 0, 7, 147.51
1638655469, 0, 1162, 1376, 1221, 656, 9.19%, 0, 0, 7, 146.10
1638655474, 0, 1162, 1378, 1223, 656, 9.20%, 0, 0, 7, 144.71
1638655484, 0, 1162, 1379, 1224, 656, 9.20%, 0, 0, 7, 149.56
1638655504, 0, 1162, 1380, 1225, 656, 9.20%, 0, 0, 7, 144.82
1638655524, 0, 1162, 1381, 1226, 656, 9.20%, 0, 0, 7, 146.13
1638655530, 0, 1162, 1382, 1227, 656, 9.20%, 0, 0, 7, 148.09
1638655535, 0, 1162, 1383, 1228, 656, 9.21%, 0, 0, 7, 146.59
1638655545, 0, 1162, 1384, 1229, 656, 9.22%, 0, 0, 7, 148.18
1638655550, 0, 1168, 1386, 1230, 678, 9.23%, 0, 0, 7, 152.12
1638655555, 0, 1168, 1388, 1232, 678, 9.23%, 0, 0, 7, 152.78
1638655560, 0, 1168, 1389, 1233, 678, 9.23%, 0, 0, 7, 151.15
1638655637, 0, 1168, 1390, 1234, 678, 9.23%, 0, 0, 7, 147.02
1638655667, 0, 1178, 1394, 1237, 679, 9.24%, 0, 0, 7, 151.93
1638655672, 0, 1178, 1397, 1240, 679, 9.25%, 0, 0, 7, 156.03
1638655677, 0, 1178, 1399, 1242, 679, 9.29%, 0, 0, 7, 149.04
1638655688, 0, 1178, 1400, 1243, 679, 9.29%, 0, 0, 7, 145.89
1638655698, 0, 1178, 1402, 1245, 679, 9.29%, 0, 0, 7, 148.77
1638655708, 0, 1178, 1403, 1246, 679, 9.29%, 0, 0, 7, 148.60
1638655760, 0, 1178, 1405, 1248, 679, 9.30%, 0, 0, 7, 148.91
1638655765, 0, 1178, 1406, 1249, 679, 9.30%, 0, 0, 7, 150.33
1638655770, 0, 1178, 1407, 1250, 679, 9.31%, 0, 0, 7, 149.81
1638655775, 0, 1178, 1408, 1251, 679, 9.31%, 0, 0, 7, 147.24
1638655795, 0, 1179, 1408, 1250, 695, 9.31%, 0, 0, 7, 153.39
1638655811, 0, 1179, 1410, 1252, 695, 9.31%, 0, 0, 7, 1307.12
1638655821, 0, 1226, 1411, 1252, 696, 9.34%, 0, 0, 7, 1047.53
1638655836, 0, 1227, 1411, 1251, 696, 9.34%, 0, 0, 7, 165.24
1638655929, 0, 1227, 1412, 1252, 696, 9.34%, 0, 0, 7, 164.14
1638655970, 0, 1231, 1412, 1251, 696, 9.34%, 0, 0, 7, 166.59
1638656057, 0, 1231, 1413, 1252, 696, 9.34%, 0, 0, 8, 165.11
1638656098, 0, 1232, 1413, 1251, 696, 9.34%, 0, 0, 8, 164.51
1638656221, 0, 1233, 1413, 1250, 695, 9.34%, 0, 0, 8, 167.72
1638656344, 0, 1240, 1414, 1250, 694, 9.34%, 0, 0, 8, 166.17
1638656349, 0, 1240, 1419, 1255, 694, 9.35%, 0, 0, 8, 165.29
1638656354, 0, 1240, 1420, 1256, 694, 9.37%, 0, 0, 8, 163.97
1638656359, 0, 1240, 1421, 1257, 694, 9.37%, 0, 0, 8, 159.97
1638656369, 0, 1240, 1422, 1258, 694, 9.37%, 0, 0, 8, 164.13
1638656390, 0, 1240, 1423, 1259, 694, 9.37%, 0, 0, 8, 157.41
1638656451, 0, 1240, 1424, 1260, 694, 9.37%, 0, 0, 8, 157.23
1638656472, 0, 1240, 1425, 1261, 694, 9.37%, 0, 0, 8, 159.16
1638656497, 0, 1240, 1426, 1262, 694, 9.37%, 0, 0, 8, 158.87
1638656503, 0, 1240, 1427, 1263, 694, 9.37%, 0, 0, 8, 162.35
1638656625, 0, 1240, 1428, 1264, 694, 9.38%, 0, 0, 8, 162.70
1638656656, 0, 1247, 1428, 1263, 699, 9.38%, 0, 0, 8, 154.62
1638656738, 0, 1250, 1428, 1262, 698, 9.38%, 0, 0, 8, 156.42
1638656912, 0, 1260, 1428, 1261, 697, 9.38%, 0, 0, 8, 163.54
1638657029, 0, 1261, 1428, 1260, 696, 9.38%, 0, 0, 8, 170.22
1638657152, 0, 1269, 1428, 1259, 695, 9.38%, 0, 0, 8, 170.52
1638657157, 0, 1269, 1431, 1262, 695, 9.39%, 0, 0, 8, 165.48
1638657162, 0, 1269, 1432, 1263, 695, 9.39%, 0, 0, 8, 167.10
1638657280, 0, 1271, 1434, 1264, 697, 9.40%, 0, 0, 8, 165.81
1638657403, 0, 1272, 1442, 1271, 697, 9.44%, 0, 0, 8, 168.26
1638657525, 0, 1273, 1442, 1270, 699, 9.44%, 0, 0, 8, 168.14
1638657648, 0, 1280, 1442, 1269, 698, 9.44%, 0, 0, 8, 169.87
1638657653, 0, 1280, 1445, 1272, 698, 9.44%, 0, 0, 8, 168.96
1638657776, 0, 1281, 1447, 1273, 698, 9.44%, 0, 0, 8, 168.70
1638657801, 0, 1281, 1448, 1274, 698, 9.45%, 0, 0, 8, 162.77
1638657898, 0, 1283, 1448, 1273, 699, 9.45%, 0, 0, 8, 160.10
1638657903, 0, 1283, 1449, 1274, 699, 9.45%, 0, 0, 8, 162.26
1638658031, 0, 1287, 1449, 1273, 699, 9.45%, 0, 0, 8, 165.04
1638658128, 0, 1287, 1450, 1274, 699, 9.45%, 0, 0, 8, 169.64
1638658159, 0, 1291, 1452, 1275, 699, 9.45%, 0, 0, 8, 160.58
1638658256, 0, 1293, 1453, 1275, 700, 9.45%, 0, 0, 8, 158.38
1638658261, 0, 1293, 1454, 1276, 700, 9.46%, 0, 0, 8, 159.92
1638658348, 0, 1298, 1456, 1277, 700, 9.46%, 0, 0, 8, 154.38
1638658358, 0, 1298, 1457, 1278, 700, 9.46%, 0, 0, 8, 154.43
1638658440, 0, 1298, 1458, 1279, 700, 9.46%, 0, 0, 8, 151.39
1638658466, 0, 1298, 1459, 1280, 700, 9.46%, 0, 0, 8, 148.96
1638658496, 0, 1300, 1461, 1281, 701, 9.46%, 0, 0, 8, 155.94
1638658588, 0, 1336, 1461, 1280, 702, 9.46%, 0, 0, 8, 157.02
1638658598, 0, 1336, 1462, 1281, 702, 9.47%, 0, 0, 8, 151.73
1638658685, 0, 1336, 1463, 1282, 702, 9.47%, 0, 0, 8, 145.68
1638658705, 0, 1353, 1464, 1282, 702, 9.48%, 0, 0, 8, 152.32
1638658710, 0, 1353, 1467, 1285, 702, 9.48%, 0, 0, 8, 154.77
1638658813, 0, 1374, 1482, 1299, 703, 9.54%, 0, 0, 8, 1449.50
1638658818, 0, 1374, 1483, 1300, 703, 9.55%, 0, 0, 8, 1299.48
1638658823, 0, 1377, 1487, 1303, 711, 9.56%, 0, 0, 8, 857.26
1638658833, 0, 1377, 1488, 1304, 711, 9.56%, 0, 0, 8, 145.67
1638658899, 0, 1377, 1489, 1305, 711, 9.56%, 0, 0, 8, 150.03
1638658915, 0, 1377, 1490, 1306, 711, 9.56%, 0, 0, 8, 151.33
1638658930, 0, 1377, 1491, 1307, 711, 9.56%, 0, 0, 8, 146.01
1638658965, 0, 1378, 1491, 1306, 715, 9.56%, 0, 0, 8, 155.34
1638658971, 0, 1378, 1492, 1307, 715, 9.57%, 0, 0, 8, 152.16
1638658976, 0, 1378, 1496, 1311, 715, 9.59%, 0, 0, 8, 154.71
1638659078, 0, 1378, 1497, 1312, 715, 9.59%, 0, 0, 8, 148.27
1638659093, 0, 1386, 1497, 1311, 718, 9.59%, 0, 0, 8, 142.16
1638659205, 0, 1393, 1497, 1310, 717, 9.59%, 0, 0, 8, 152.05
1638659287, 0, 1397, 1497, 1309, 716, 9.59%, 0, 0, 8, 155.50
1638659292, 0, 1397, 1498, 1310, 716, 9.60%, 0, 0, 8, 150.73
1638659297, 0, 1397, 1499, 1311, 716, 9.60%, 0, 0, 8, 150.88
1638659303, 0, 1397, 1500, 1312, 716, 9.60%, 0, 0, 8, 151.89
1638659318, 0, 1397, 1501, 1313, 716, 9.60%, 0, 0, 8, 151.79
1638659354, 0, 1397, 1503, 1315, 716, 9.64%, 0, 0, 8, 153.75
1638659364, 0, 1397, 1504, 1316, 716, 9.65%, 0, 0, 8, 152.38
1638659390, 0, 1412, 1504, 1315, 721, 9.65%, 0, 0, 8, 160.18
1638659518, 0, 1427, 1504, 1314, 720, 9.65%, 0, 0, 8, 165.10
1638659523, 0, 1427, 1507, 1317, 720, 9.65%, 0, 0, 9, 160.25
1638659630, 0, 1427, 1509, 1319, 720, 9.65%, 0, 0, 9, 158.81
1638659636, 0, 1427, 1510, 1320, 720, 9.65%, 0, 0, 9, 160.00
1638659661, 0, 1429, 1510, 1319, 722, 9.65%, 0, 0, 9, 165.21
1638659789, 0, 1434, 1510, 1318, 721, 9.65%, 0, 0, 9, 173.28
1638659794, 0, 1434, 1516, 1324, 721, 9.70%, 0, 0, 9, 167.88
1638659922, 0, 1445, 1516, 1323, 724, 9.70%, 0, 0, 9, 166.73
1638660050, 0, 1449, 1517, 1323, 723, 9.70%, 0, 0, 9, 170.18
1638660178, 0, 1453, 1517, 1322, 722, 9.70%, 0, 0, 9, 164.61
1638660183, 0, 1453, 1518, 1323, 722, 9.72%, 0, 0, 9, 159.48
1638660209, 0, 1453, 1519, 1324, 722, 9.73%, 0, 0, 9, 156.77
1638660239, 0, 1453, 1520, 1325, 722, 9.73%, 0, 0, 9, 154.43
1638660250, 0, 1453, 1522, 1327, 722, 9.74%, 0, 0, 9, 154.69
1638660321, 0, 1459, 1522, 1326, 725, 9.74%, 0, 0, 9, 157.98
1638660326, 0, 1459, 1523, 1327, 725, 9.74%, 0, 0, 9, 155.04
1638660418, 0, 1459, 1524, 1328, 725, 9.74%, 0, 0, 9, 156.64
1638660444, 0, 1460, 1524, 1327, 725, 9.74%, 0, 0, 9, 158.65
1638660449, 0, 1460, 1525, 1328, 725, 9.75%, 0, 0, 9, 157.57
1638660551, 0, 1462, 1525, 1327, 725, 9.75%, 0, 0, 9, 153.21
1638660556, 0, 1462, 1526, 1328, 725, 9.75%, 0, 0, 9, 154.71
1638660674, 0, 1465, 1526, 1327, 725, 9.75%, 0, 0, 9, 150.17
1638660801, 0, 1478, 1526, 1326, 724, 9.75%, 0, 0, 9, 155.29
1638660806, 0, 1478, 1527, 1327, 724, 9.75%, 0, 0, 9, 149.62
1638660959, 0, 1481, 1527, 1326, 724, 9.75%, 0, 0, 9, 152.87
1638661113, 0, 1492, 1527, 1325, 723, 9.75%, 0, 0, 9, 156.46
1638661118, 0, 1492, 1528, 1326, 723, 9.75%, 0, 0, 9, 158.14
1638661123, 0, 1492, 1529, 1327, 723, 9.75%, 0, 0, 9, 152.82
1638661230, 0, 1494, 1529, 1326, 725, 9.75%, 0, 0, 9, 159.41
1638661323, 0, 1494, 1530, 1327, 725, 9.75%, 0, 0, 9, 157.44
1638661328, 0, 1494, 1531, 1328, 725, 9.80%, 0, 0, 9, 160.65
1638661369, 0, 1496, 1531, 1327, 726, 9.80%, 0, 0, 9, 164.50
1638661399, 0, 1496, 1532, 1328, 726, 9.84%, 0, 0, 9, 161.08
1638661415, 0, 1496, 1533, 1329, 726, 9.84%, 0, 0, 9, 158.52
1638661450, 0, 1503, 1533, 1328, 725, 9.84%, 0, 0, 9, 156.36
1638661455, 0, 1503, 1535, 1330, 725, 9.84%, 0, 0, 9, 156.34
1638661466, 0, 1503, 1536, 1331, 725, 9.84%, 0, 0, 9, 155.71
1638661471, 0, 1503, 1537, 1332, 725, 9.86%, 0, 0, 9, 154.51
1638661476, 0, 1503, 1538, 1333, 725, 9.86%, 0, 0, 9, 155.09
1638661486, 0, 1503, 1539, 1334, 725, 9.88%, 0, 0, 9, 157.11
1638661491, 0, 1503, 1541, 1336, 725, 9.91%, 0, 0, 9, 157.78
1638661517, 0, 1503, 1543, 1338, 725, 9.92%, 0, 0, 9, 154.39
1638661538, 0, 1513, 1543, 1337, 730, 9.92%, 0, 0, 9, 159.08
1638661543, 0, 1513, 1547, 1341, 730, 9.92%, 0, 0, 10, 169.65
1638661665, 0, 1514, 1549, 1342, 732, 9.92%, 0, 0, 10, 166.86
1638661793, 0, 1515, 1549, 1341, 733, 9.92%, 0, 0, 10, 171.72
1638661824, 0, 1517, 1555, 1346, 732, 10.03%, 0, 0, 10, 885.61
1638661880, 0, 1517, 1559, 1350, 732, 10.04%, 0, 0, 10, 152.76
1638661890, 0, 1517, 1560, 1351, 732, 10.05%, 0, 0, 10, 153.84
1638661895, 0, 1517, 1563, 1354, 732, 10.06%, 0, 0, 10, 155.36
1638661906, 0, 1517, 1564, 1355, 732, 10.06%, 0, 0, 10, 153.12
1638661921, 0, 1517, 1566, 1357, 732, 10.06%, 0, 0, 10, 151.86
1638661936, 0, 1517, 1569, 1360, 732, 10.06%, 0, 0, 10, 153.98
1638662008, 0, 1517, 1570, 1361, 732, 10.07%, 0, 0, 10, 152.88
1638662013, 0, 1533, 1570, 1360, 745, 10.07%, 0, 0, 10, 151.85
1638662105, 0, 1547, 1577, 1366, 744, 10.10%, 0, 0, 11, 161.94
1638662110, 0, 1547, 1578, 1367, 744, 10.10%, 0, 0, 11, 172.32
1638662232, 0, 1567, 1578, 1366, 748, 10.10%, 0, 0, 11, 180.70
1638662237, 0, 1567, 1581, 1369, 748, 10.16%, 0, 0, 11, 158.15
1638662242, 0, 1567, 1582, 1370, 748, 10.16%, 0, 0, 11, 158.32
1638662268, 0, 1567, 1584, 1372, 748, 10.16%, 0, 0, 11, 154.80
1638662293, 0, 1567, 1585, 1373, 748, 10.17%, 0, 0, 11, 150.47
1638662299, 0, 1567, 1587, 1375, 748, 10.17%, 0, 0, 11, 152.39
1638662309, 0, 1567, 1589, 1377, 748, 10.18%, 0, 0, 11, 155.43
1638662314, 0, 1567, 1590, 1378, 748, 10.18%, 0, 0, 11, 155.80
1638662319, 0, 1567, 1591, 1379, 748, 10.18%, 0, 0, 11, 150.81
1638662329, 0, 1567, 1592, 1380, 748, 10.18%, 0, 0, 11, 153.00
1638662344, 0, 1567, 1593, 1381, 748, 10.18%, 0, 0, 11, 153.36
1638662355, 0, 1567, 1594, 1382, 748, 10.18%, 0, 0, 11, 152.06
1638662385, 0, 1567, 1595, 1383, 748, 10.18%, 0, 0, 11, 152.75
1638662411, 0, 1567, 1596, 1384, 748, 10.18%, 0, 0, 11, 147.48
1638662457, 0, 1567, 1597, 1385, 748, 10.18%, 0, 0, 11, 151.92
1638662477, 0, 1569, 1598, 1385, 756, 10.18%, 0, 0, 11, 156.60
1638662482, 0, 1569, 1599, 1386, 756, 10.18%, 0, 0, 11, 158.43
1638662569, 0, 1570, 1605, 1391, 757, 10.21%, 0, 0, 12, 163.76
1638662698, 0, 1575, 1605, 1390, 758, 10.21%, 0, 0, 12, 165.48
1638662703, 0, 1575, 1606, 1391, 758, 10.22%, 0, 0, 12, 167.86
1638662826, 0, 1576, 1606, 1390, 758, 10.22%, 0, 0, 12, 165.27
1638662954, 0, 1592, 1607, 1390, 757, 10.22%, 0, 0, 12, 164.61
1638662959, 0, 1592, 1613, 1396, 757, 10.22%, 0, 0, 12, 154.59
1638662964, 0, 1592, 1619, 1402, 757, 10.22%, 0, 0, 12, 156.35
1638663061, 0, 1592, 1620, 1403, 757, 10.22%, 0, 0, 12, 148.69
1638663071, 0, 1592, 1623, 1406, 757, 10.22%, 0, 0, 12, 151.00
1638663081, 0, 1592, 1624, 1407, 757, 10.22%, 0, 0, 12, 153.23
1638663087, 0, 1592, 1625, 1408, 757, 10.22%, 0, 0, 12, 151.21
1638663112, 0, 1592, 1626, 1409, 757, 10.22%, 0, 0, 12, 149.98
1638663189, 0, 1597, 1626, 1408, 756, 10.22%, 0, 0, 12, 153.07
1638663276, 1, 632, 1626, 1407, 755, 10.22%, 0, 0, 12, 179.94
1638663291, 1, 632, 1627, 1408, 755, 10.22%, 0, 0, 12, 159.34
1638663404, 1, 644, 1627, 1407, 755, 10.22%, 0, 0, 12, 166.26
1638663527, 1, 665, 1629, 1408, 754, 10.22%, 0, 0, 12, 156.82
1638663629, 1, 665, 1630, 1409, 754, 10.22%, 0, 0, 12, 148.31
1638663635, 1, 665, 1631, 1410, 754, 10.22%, 0, 0, 12, 152.27
1638663660, 1, 665, 1632, 1411, 754, 10.22%, 0, 0, 12, 149.99
1638663665, 1, 665, 1633, 1412, 754, 10.22%, 0, 0, 12, 149.48
1638663701, 1, 665, 1635, 1414, 754, 10.24%, 0, 0, 12, 151.62
1638663716, 1, 665, 1636, 1415, 754, 10.24%, 0, 0, 12, 151.76
1638663732, 1, 665, 1637, 1416, 754, 10.24%, 0, 0, 12, 149.91
1638663737, 1, 665, 1638, 1417, 754, 10.24%, 0, 0, 12, 151.27
1638663762, 1, 665, 1639, 1418, 754, 10.24%, 0, 0, 12, 152.39
1638663772, 1, 665, 1640, 1419, 754, 10.24%, 0, 0, 12, 151.37
1638663793, 1, 669, 1640, 1418, 755, 10.24%, 0, 0, 12, 154.92
1638663911, 1, 673, 1640, 1417, 754, 10.24%, 0, 0, 12, 152.58
1638664028, 1, 879, 1641, 1417, 753, 10.24%, 0, 0, 12, 153.09
1638664033, 1, 879, 1642, 1418, 753, 10.27%, 0, 0, 12, 154.40
1638664049, 1, 879, 1643, 1419, 753, 10.27%, 0, 0, 12, 148.60
1638664117, 1, 1639, 1643, 1418, 755, 10.27%, 0, 0, 12, 2.34
1638664122, 1, 1639, 1663, 1438, 755, 10.29%, 0, 0, 12, 152.99
1638664127, 1, 1639, 1668, 1443, 755, 10.30%, 0, 0, 12, 147.45
1638664132, 1, 1639, 1670, 1445, 755, 10.30%, 0, 0, 12, 153.07
1638664137, 1, 1639, 1671, 1446, 755, 10.31%, 0, 0, 12, 149.82
1638664142, 1, 1639, 1672, 1447, 755, 10.31%, 0, 0, 12, 146.96
1638664158, 1, 1639, 1673, 1448, 755, 10.31%, 0, 0, 12, 146.06
1638664178, 1, 1639, 1674, 1449, 755, 10.31%, 0, 0, 12, 145.35
1638664260, 1, 1639, 1675, 1450, 755, 10.31%, 0, 0, 12, 145.21
1638664280, 1, 1639, 1676, 1451, 755, 10.31%, 0, 0, 12, 145.34
1638664321, 1, 1639, 1677, 1452, 755, 10.31%, 0, 0, 12, 144.89
1638664332, 1, 1639, 1680, 1455, 755, 10.31%, 0, 0, 12, 145.91
1638664347, 1, 1639, 1681, 1456, 755, 10.31%, 0, 0, 12, 148.38
1638664352, 1, 1639, 1682, 1457, 755, 10.31%, 0, 0, 12, 146.59
1638664444, 1, 1639, 1683, 1458, 755, 10.31%, 0, 0, 12, 144.95
1638664459, 1, 1639, 1684, 1459, 755, 10.31%, 0, 0, 12, 140.61
1638664495, 1, 1640, 1684, 1458, 762, 10.31%, 0, 0, 12, 153.05
1638664505, 1, 1640, 1685, 1459, 762, 10.31%, 0, 0, 12, 152.69
1638664587, 1, 1640, 1686, 1460, 762, 10.32%, 0, 0, 12, 147.81
1638664623, 1, 1641, 1686, 1459, 762, 10.32%, 0, 0, 12, 153.01
1638664633, 1, 1641, 1688, 1461, 762, 10.34%, 0, 0, 12, 152.40
1638664638, 1, 1641, 1689, 1462, 762, 10.34%, 0, 0, 12, 150.53
1638664699, 1, 1641, 1693, 1466, 762, 10.35%, 0, 0, 12, 149.48
1638664704, 1, 1641, 1697, 1470, 762, 10.36%, 0, 0, 12, 146.37
1638664709, 1, 1641, 1699, 1472, 762, 10.36%, 0, 0, 12, 146.86
1638664740, 1, 1641, 1701, 1474, 762, 10.37%, 0, 0, 12, 150.30
1638664781, 1, 1641, 1702, 1475, 762, 10.37%, 0, 0, 12, 148.34
1638664811, 1, 1641, 1703, 1476, 762, 10.37%, 0, 0, 12, 1440.48
1638664817, 1, 1642, 1705, 1477, 769, 10.37%, 0, 0, 12, 1397.64
1638664822, 1, 1642, 1706, 1478, 769, 10.37%, 0, 0, 12, 951.09
1638664842, 1, 1642, 1707, 1479, 769, 10.38%, 0, 0, 12, 149.22
1638664878, 1, 1655, 1707, 1478, 772, 10.38%, 0, 0, 12, 150.55
1638664888, 1, 1655, 1709, 1480, 772, 10.38%, 0, 0, 12, 145.64
1638664899, 1, 1655, 1710, 1481, 772, 10.38%, 0, 0, 12, 148.43
1638664955, 1, 1655, 1711, 1482, 772, 10.38%, 0, 0, 12, 144.73
1638665093, 1, 1655, 1712, 1483, 772, 10.38%, 0, 0, 12, 144.78
1638665113, 1, 1655, 1713, 1484, 772, 10.38%, 0, 0, 12, 140.22
1638665139, 1, 1655, 1714, 1485, 772, 10.38%, 0, 0, 12, 145.48
1638665205, 1, 1655, 1715, 1486, 772, 10.38%, 0, 0, 12, 146.20
1638665226, 1, 1655, 1716, 1487, 772, 10.38%, 0, 0, 12, 146.50
1638665256, 1, 1655, 1718, 1489, 772, 10.39%, 0, 0, 12, 145.47
1638665267, 1, 1655, 1719, 1490, 772, 10.39%, 0, 0, 12, 146.16
1638665272, 1, 1655, 1720, 1491, 772, 10.39%, 0, 0, 12, 144.14
1638665297, 1, 1655, 1721, 1492, 772, 10.39%, 0, 0, 12, 145.59
1638665307, 1, 1662, 1721, 1491, 775, 10.39%, 0, 0, 12, 141.49
1638665313, 1, 1662, 1722, 1492, 775, 10.39%, 0, 0, 12, 150.38
1638665318, 1, 1662, 1723, 1493, 775, 10.39%, 0, 0, 12, 144.47
1638665323, 1, 1662, 1724, 1494, 775, 10.41%, 0, 0, 12, 152.40
1638665384, 1, 1662, 1725, 1495, 775, 10.41%, 0, 0, 12, 146.91
1638665502, 1, 1662, 1726, 1496, 775, 10.42%, 0, 0, 12, 144.66
1638665537, 1, 1663, 1727, 1496, 777, 10.42%, 0, 0, 12, 150.91
1638665542, 1, 1663, 1729, 1498, 777, 10.42%, 0, 0, 12, 149.13
1638665819, 1, 1670, 1729, 1497, 778, 10.42%, 0, 0, 12, 153.25
1638665829, 1, 1670, 1731, 1499, 778, 10.42%, 0, 0, 12, 148.68
1638665839, 1, 1670, 1733, 1501, 778, 10.42%, 0, 0, 12, 148.35
1638665849, 1, 1670, 1735, 1503, 778, 10.42%, 0, 0, 12, 145.10
1638665875, 1, 1670, 1736, 1504, 778, 10.42%, 0, 0, 12, 145.56
1638665880, 1, 1670, 1739, 1507, 778, 10.43%, 0, 0, 12, 144.69
1638666012, 1, 1670, 1740, 1508, 778, 10.43%, 0, 0, 12, 140.33
1638666064, 1, 1670, 1741, 1509, 778, 10.43%, 0, 0, 12, 145.90
1638666084, 1, 1670, 1742, 1510, 778, 10.43%, 0, 0, 12, 147.68
1638666089, 1, 1670, 1743, 1511, 778, 10.43%, 0, 0, 12, 146.19
1638666099, 1, 1670, 1744, 1512, 778, 10.43%, 0, 0, 12, 146.28
1638666156, 1, 1670, 1745, 1513, 778, 10.44%, 0, 0, 12, 146.12
1638666171, 1, 1670, 1746, 1514, 778, 10.46%, 0, 0, 12, 145.39
1638666207, 1, 1670, 1747, 1515, 778, 10.46%, 0, 0, 12, 145.76
1638666284, 1, 1701, 1747, 1514, 786, 10.46%, 0, 0, 12, 148.97
1638666289, 1, 1701, 1753, 1520, 786, 10.48%, 0, 0, 12, 150.26
1638666294, 1, 1701, 1754, 1521, 786, 10.48%, 0, 0, 12, 153.33
1638666299, 1, 1701, 1758, 1525, 786, 10.49%, 0, 0, 12, 149.06
1638666330, 1, 1701, 1763, 1530, 786, 10.51%, 0, 0, 12, 147.85
1638666371, 1, 1701, 1764, 1531, 786, 10.52%, 0, 0, 12, 145.96
1638666407, 1, 1704, 1764, 1530, 798, 10.52%, 0, 0, 12, 152.17
1638666412, 1, 1704, 1765, 1531, 798, 10.53%, 0, 0, 12, 158.54
1638666422, 1, 1704, 1766, 1532, 798, 10.54%, 0, 0, 12, 146.01
1638666437, 1, 1704, 1767, 1533, 798, 10.54%, 0, 0, 12, 149.56
1638666442, 1, 1704, 1768, 1534, 798, 10.55%, 0, 0, 12, 148.78
1638666488, 1, 1704, 1769, 1535, 798, 10.55%, 0, 0, 12, 149.83
1638666504, 1, 1704, 1770, 1536, 798, 10.55%, 0, 0, 12, 148.64
1638666611, 1, 1704, 1771, 1537, 798, 10.56%, 0, 0, 12, 151.30
1638666647, 1, 1715, 1771, 1536, 803, 10.56%, 0, 0, 12, 146.19
1638666846, 1, 1715, 1772, 1537, 803, 10.56%, 0, 0, 12, 146.00
1638666877, 1, 1725, 1772, 1536, 802, 10.56%, 0, 0, 12, 148.86
1638666882, 1, 1725, 1774, 1538, 802, 10.57%, 0, 0, 12, 145.88
1638666928, 1, 1725, 1775, 1539, 802, 10.57%, 0, 0, 12, 142.95
1638667107, 1, 1725, 1776, 1540, 802, 10.57%, 0, 0, 12, 146.32
1638667132, 1, 1744, 1776, 1539, 803, 10.57%, 0, 0, 12, 151.91
1638667148, 1, 1744, 1777, 1540, 803, 10.57%, 0, 0, 12, 155.39
1638667158, 1, 1744, 1778, 1541, 803, 10.58%, 0, 0, 12, 144.42
1638667163, 1, 1744, 1779, 1542, 803, 10.58%, 0, 0, 12, 144.37
1638667205, 1, 1744, 1780, 1543, 803, 10.58%, 0, 0, 12, 144.42
1638667291, 1, 1744, 1781, 1544, 803, 10.58%, 0, 0, 12, 144.06
1638667363, 1, 1745, 1781, 1543, 805, 10.58%, 0, 0, 12, 153.89
1638667368, 1, 1745, 1783, 1545, 805, 10.62%, 0, 0, 12, 145.74
1638667592, 1, 1746, 1783, 1544, 806, 10.62%, 0, 0, 12, 149.84
1638667598, 1, 1746, 1784, 1545, 806, 10.63%, 0, 0, 12, 146.80
1638667628, 1, 1746, 1785, 1546, 806, 10.63%, 0, 0, 12, 145.28
1638667803, 1, 1746, 1786, 1547, 806, 10.63%, 0, 0, 12, 140.50
1638667813, 1, 1753, 1789, 1549, 807, 10.64%, 0, 0, 12, 1721.28
1638667818, 1, 1753, 1790, 1550, 807, 10.64%, 0, 0, 12, 1364.45
1638667834, 1, 1753, 1792, 1552, 807, 10.65%, 0, 0, 12, 147.57
1638667864, 1, 1753, 1793, 1553, 807, 10.65%, 0, 0, 12, 147.07
1638667921, 1, 1753, 1794, 1554, 807, 10.65%, 0, 0, 12, 146.80
1638667997, 1, 1764, 1794, 1553, 810, 10.65%, 0, 0, 12, 170.29
1638668002, 1, 1764, 1795, 1554, 810, 10.67%, 0, 0, 12, 159.60
1638668105, 1, 1766, 1795, 1553, 810, 10.67%, 0, 0, 12, 155.65
1638668197, 1, 1766, 1796, 1554, 810, 10.67%, 0, 0, 12, 150.60
1638668263, 1, 1767, 1797, 1554, 809, 10.68%, 0, 0, 12, 156.97
1638668268, 1, 1767, 1799, 1556, 809, 10.68%, 0, 0, 12, 148.25
1638668273, 1, 1767, 1800, 1557, 809, 10.68%, 0, 0, 12, 152.57
1638668289, 1, 1767, 1801, 1558, 809, 10.68%, 0, 0, 12, 146.21
1638668355, 1, 1767, 1802, 1559, 809, 10.68%, 0, 0, 12, 144.21
1638668366, 1, 1767, 1803, 1560, 809, 10.68%, 0, 0, 12, 143.49
1638668391, 1, 1767, 1804, 1561, 809, 10.68%, 0, 0, 12, 141.73
1638668396, 1, 1767, 1805, 1562, 809, 10.68%, 0, 0, 12, 141.98
1638668407, 1, 1767, 1806, 1563, 809, 10.68%, 0, 0, 12, 140.81
1638668468, 1, 1767, 1807, 1564, 809, 10.68%, 0, 0, 12, 141.08
1638668581, 1, 1768, 1807, 1563, 812, 10.68%, 0, 0, 12, 34.48
1638668591, 1, 1768, 1808, 1564, 812, 10.68%, 0, 0, 12, 147.56
1638668602, 1, 1768, 1809, 1565, 812, 10.70%, 0, 0, 12, 147.59
1638668699, 1, 1768, 1810, 1566, 812, 10.71%, 0, 0, 12, 142.47
1638668714, 1, 1768, 1811, 1567, 812, 10.73%, 0, 0, 12, 146.29
1638668745, 1, 1768, 1812, 1568, 812, 10.74%, 0, 0, 12, 143.05
1638668765, 1, 1768, 1813, 1569, 812, 10.75%, 0, 0, 12, 137.23
1638668801, 1, 1768, 1814, 1570, 812, 10.75%, 0, 0, 12, 148.02
1638668893, 1, 1772, 1814, 1569, 818, 10.75%, 0, 0, 12, 23.79
1638668919, 1, 1772, 1815, 1570, 818, 10.76%, 0, 0, 12, 21.54
1638669001, 1, 1772, 1816, 1571, 818, 10.76%, 0, 0, 12, 15.59
1638669042, 1, 1772, 1817, 1572, 818, 10.77%, 0, 0, 12, 23.88
1638669048, 1, 1772, 1818, 1573, 818, 10.80%, 0, 0, 12, 22.48
1638669115, 1, 1772, 1819, 1574, 818, 10.83%, 0, 0, 12, 22.11
1638669242, 1, 1772, 1820, 1575, 818, 10.83%, 0, 0, 12, 55.14
1638669350, 1, 1772, 1821, 1576, 818, 10.84%, 0, 0, 12, 33.47
1638669355, 1, 1772, 1822, 1577, 818, 10.87%, 0, 0, 12, 25.07
1638670639, 1, 1772, 1822, 1577, 818, 10.87%, 0, 1, 12, 21.10
1638671328, 1, 1777, 1822, 1576, 820, 10.87%, 0, 1, 12, 1.67
1638671396, 1, 1781, 1822, 1575, 819, 10.87%, 0, 1, 12, 10.55
1638671411, 1, 1781, 1822, 1575, 819, 10.87%, 0, 2, 12, 11.46
1638671452, 1, 1783, 1822, 1574, 818, 10.87%, 0, 2, 12, 10.93
1638671477, 1, 1783, 1822, 1574, 818, 10.87%, 0, 3, 12, 2.54
1638671523, 1, 1787, 1822, 1573, 817, 10.87%, 0, 3, 12, 11.08
1638671652, 1, 1787, 1823, 1574, 817, 10.87%, 0, 3, 12, 13.72
1638671861, 1, 1791, 1823, 1573, 817, 10.87%, 0, 3, 12, 8.84
1638671907, 1, 1791, 1824, 1574, 817, 10.87%, 0, 3, 12, 28.03
1638672032, 1, 1799, 1824, 1573, 816, 10.87%, 0, 3, 12, 4.35
1638672206, 1, 1799, 1825, 1574, 816, 10.87%, 0, 3, 12, 39.32
1638672279, 1, 1807, 1825, 1573, 815, 10.87%, 0, 3, 12, 10.41
1638672361, 1, 1817, 1825, 1572, 814, 10.87%, 0, 3, 12, 10.55
1638672398, 1, 1817, 1825, 1572, 814, 10.87%, 0, 4, 12, 12.22
1638672418, 1, 1818, 1825, 1571, 813, 10.87%, 0, 4, 12, 11.54
1638672475, 1, 1819, 1825, 1570, 812, 10.87%, 0, 4, 12, 10.61
1638672567, 1, 1820, 1825, 1569, 811, 10.87%, 0, 4, 12, 10.12
1638672639, 1, 1820, 1825, 1569, 811, 10.87%, 0, 5, 12, 13.68
1638672685, 2, 1781, 1825, 1568, 810, 10.87%, 0, 5, 12, 0.03
1638672723, 2, 1781, 1825, 1568, 810, 10.87%, 0, 6, 12, 1.61
1638672763, 2, 1817, 1825, 1568, 810, 10.87%, 0, 6, 12, 6.73
1638672795, 2, 1817, 1826, 1569, 810, 10.88%, 0, 6, 12, 10.64
1638672831, 2, 1818, 1826, 1569, 810, 10.88%, 0, 6, 12, 11.40
1638672933, 2, 1825, 1826, 1569, 810, 10.88%, 0, 6, 12, 0.00
1638672964, 3, 1781, 1826, 1569, 810, 10.88%, 0, 6, 12, 0.03
1638673121, 5, 0, 1826, 1569, 810, 10.88%, 0, 6, 12, 0.03
1638673149, 6, 0, 1826, 1569, 810, 10.88%, 0, 6, 12, 0.00
1638673179, 7, 0, 1826, 1569, 810, 10.88%, 0, 6, 12, 0.00
1638673208, 8, 0, 1826, 1569, 810, 10.88%, 0, 6, 12, 0.00
1638673240, 9, 0, 1826, 1569, 810, 10.88%, 0, 6, 12, 0.00
1638673269, 10, 0, 1826, 1569, 810, 10.88%, 0, 6, 12, 0.00
1638673298, 11, 0, 1826, 1569, 810, 10.88%, 0, 6, 12, 0.00
1638673323, 12, 0, 1826, 1569, 810, 10.88%, 0, 6, 12, 0.00
1638673353, 13, 0, 1826, 1569, 810, 10.88%, 0, 6, 12, 0.00
1638673384, 14, 0, 1826, 1569, 810, 10.88%, 0, 6, 12, 0.00
1638673413, 15, 0, 1826, 1569, 810, 10.88%, 0, 6, 12, 0.00
1638673440, 16, 0, 1826, 1569, 810, 10.88%, 0, 6, 12, 0.00
1638673468, 17, 0, 1826, 1569, 810, 10.88%, 0, 6, 12, 0.00
1638673497, 18, 0, 1826, 1569, 810, 10.88%, 0, 6, 12, 0.00
1638673526, 19, 0, 1826, 1569, 810, 10.88%, 0, 6, 12, 0.00
1638673555, 20, 0, 1826, 1569, 810, 10.88%, 0, 6, 12, 0.00
1638673586, 21, 0, 1826, 1569, 810, 10.88%, 0, 6, 12, 0.00
1638673614, 22, 0, 1826, 1569, 810, 10.88%, 0, 6, 12, 0.00
1638673645, 23, 0, 1826, 1569, 810, 10.88%, 0, 6, 12, 0.00
1638673675, 24, 0, 1826, 1569, 810, 10.88%, 0, 6, 12, 0.00
1638673704, 25, 0, 1826, 1569, 810, 10.88%, 0, 6, 12, 0.00
1638673736, 26, 0, 1826, 1569, 810, 10.88%, 0, 6, 12, 0.00
1638673764, 27, 0, 1826, 1569, 810, 10.88%, 0, 6, 12, 0.00
1638673795, 28, 0, 1826, 1569, 810, 10.88%, 0, 6, 12, 0.00
1638673823, 29, 0, 1826, 1569, 810, 10.88%, 0, 6, 12, 0.00
1638673849, 30, 0, 1826, 1569, 810, 10.88%, 0, 6, 12, 0.00
1638673879, 31, 0, 1826, 1569, 810, 10.88%, 0, 6, 12, 0.00
1638673907, 32, 0, 1826, 1569, 810, 10.88%, 0, 6, 12, 0.00
1638673933, 33, 0, 1826, 1569, 810, 10.88%, 0, 6, 12, 0.00
1638673959, 34, 0, 1826, 1569, 810, 10.88%, 0, 6, 12, 0.00
1638673988, 35, 0, 1826, 1569, 810, 10.88%, 0, 6, 12, 0.00
1638674016, 36, 0, 1826, 1569, 810, 10.88%, 0, 6, 12, 0.00
1638674045, 37, 0, 1826, 1569, 810, 10.88%, 0, 6, 12, 0.00
1638674070, 38, 0, 1826, 1569, 810, 10.88%, 0, 6, 12, 0.00
1638674099, 39, 0, 1826, 1569, 810, 10.88%, 0, 6, 12, 0.00
1638674118, 40, 0, 1826, 1569, 810, 10.88%, 0, 6, 12, 0.00
1638674140, 41, 0, 1826, 1569, 810, 10.88%, 0, 6, 12, 0.00
1638674169, 42, 0, 1826, 1569, 810, 10.88%, 0, 6, 12, 0.00
1638674196, 43, 0, 1826, 1569, 810, 10.88%, 0, 6, 12, 0.00
1638674226, 44, 0, 1826, 1569, 810, 10.88%, 0, 6, 12, 0.00
1638674254, 45, 0, 1826, 1569, 810, 10.88%, 0, 6, 12, 0.00
1638674283, 46, 0, 1826, 1569, 810, 10.88%, 0, 6, 12, 0.00
1638674312, 47, 0, 1826, 1569, 810, 10.88%, 0, 6, 12, 0.00
1638674342, 48, 0, 1826, 1569, 810, 10.88%, 0, 6, 12, 0.00
1638674374, 49, 0, 1826, 1569, 810, 10.88%, 0, 6, 12, 0.00
1638674403, 50, 0, 1826, 1569, 810, 10.88%, 0, 6, 12, 0.00
1638674429, 51, 0, 1826, 1569, 810, 10.88%, 0, 6, 12, 0.00
1638674457, 52, 0, 1826, 1569, 810, 10.88%, 0, 6, 12, 0.00
1638674483, 53, 0, 1826, 1569, 810, 10.88%, 0, 6, 12, 0.00
1638674510, 54, 0, 1826, 1569, 810, 10.88%, 0, 6, 12, 0.00
1638674536, 55, 0, 1826, 1569, 810, 10.88%, 0, 6, 12, 0.00
1638674563, 56, 0, 1826, 1569, 810, 10.88%, 0, 6, 12, 0.00
1638674589, 57, 0, 1826, 1569, 810, 10.88%, 0, 6, 12, 0.00
1638674616, 58, 0, 1826, 1569, 810, 10.88%, 0, 6, 12, 0.00
1638674643, 59, 0, 1826, 1569, 810, 10.88%, 0, 6, 12, 0.00
1638674670, 60, 0, 1826, 1569, 810, 10.88%, 0, 6, 12, 0.00
1638674694, 61, 0, 1826, 1569, 810, 10.88%, 0, 6, 12, 0.00
1638674721, 62, 0, 1826, 1569, 810, 10.88%, 0, 6, 12, 0.00
1638674749, 63, 0, 1826, 1569, 810, 10.88%, 0, 6, 12, 0.00
1638674775, 64, 0, 1826, 1569, 810, 10.88%, 0, 6, 12, 0.00
1638674805, 65, 0, 1826, 1569, 810, 10.88%, 0, 6, 12, 0.00
1638674831, 66, 0, 1826, 1569, 810, 10.88%, 0, 6, 12, 0.00
1638674860, 67, 0, 1826, 1569, 810, 10.88%, 0, 6, 12, 0.00
1638674889, 68, 0, 1826, 1569, 810, 10.88%, 0, 6, 12, 0.00
1638674916, 69, 0, 1826, 1569, 810, 10.88%, 0, 6, 12, 0.00
1638674944, 70, 0, 1826, 1569, 810, 10.88%, 0, 6, 12, 0.00
1638674973, 71, 0, 1826, 1569, 810, 10.88%, 0, 6, 12, 0.00
1638675002, 72, 0, 1826, 1569, 810, 10.88%, 0, 6, 12, 0.00
1638675028, 73, 0, 1826, 1569, 810, 10.88%, 0, 6, 12, 0.00
1638675057, 74, 0, 1826, 1569, 810, 10.88%, 0, 6, 12, 0.00
1638675084, 75, 0, 1826, 1569, 810, 10.88%, 0, 6, 12, 0.00
1638675115, 76, 0, 1826, 1569, 810, 10.88%, 0, 6, 12, 0.00
1638675144, 77, 0, 1826, 1569, 810, 10.88%, 0, 6, 12, 0.00
1638675170, 78, 0, 1826, 1569, 810, 10.88%, 0, 6, 12, 0.00
1638675200, 79, 0, 1826, 1569, 810, 10.88%, 0, 6, 12, 0.00
1638675225, 80, 0, 1826, 1569, 810, 10.88%, 0, 6, 12, 0.00
1638675253, 81, 0, 1826, 1569, 810, 10.88%, 0, 6, 12, 0.00
1638675279, 82, 0, 1826, 1569, 810, 10.88%, 0, 6, 12, 0.00
1638675308, 83, 0, 1826, 1569, 810, 10.88%, 0, 6, 12, 0.00
1638675337, 84, 0, 1826, 1569, 810, 10.88%, 0, 6, 12, 0.00
1638675364, 85, 0, 1826, 1569, 810, 10.88%, 0, 6, 12, 0.00
1638675394, 86, 0, 1826, 1569, 810, 10.88%, 0, 6, 12, 0.00
1638675423, 87, 0, 1826, 1569, 810, 10.88%, 0, 6, 12, 0.00
1638675450, 88, 0, 1826, 1569, 810, 10.88%, 0, 6, 12, 0.00
1638675480, 89, 0, 1826, 1569, 810, 10.88%, 0, 6, 12, 0.00
1638675511, 90, 0, 1826, 1569, 810, 10.88%, 0, 6, 12, 0.00
1638675539, 91, 0, 1826, 1569, 810, 10.88%, 0, 6, 12, 0.00
1638675567, 92, 0, 1826, 1569, 810, 10.88%, 0, 6, 12, 0.00
1638675594, 93, 0, 1826, 1569, 810, 10.88%, 0, 6, 12, 0.00
1638675624, 94, 0, 1826, 1569, 810, 10.88%, 0, 6, 12, 0.00
1638675650, 95, 0, 1826, 1569, 810, 10.88%, 0, 6, 12, 0.00
1638675679, 96, 0, 1826, 1569, 810, 10.88%, 0, 6, 12, 0.00
1638675708, 97, 0, 1826, 1569, 810, 10.88%, 0, 6, 12, 0.00
1638675734, 98, 0, 1826, 1569, 810, 10.88%, 0, 6, 12, 0.00
1638675761, 99, 0, 1826, 1569, 810, 10.88%, 0, 6, 12, 0.00
1638675792, 100, 0, 1826, 1569, 810, 10.88%, 0, 6, 12, 0.00
1638675823, 101, 0, 1826, 1569, 810, 10.88%, 0, 6, 12, 0.00
1638675850, 102, 0, 1826, 1569, 810, 10.88%, 0, 6, 12, 0.00
1638675881, 103, 0, 1826, 1569, 810, 10.88%, 0, 6, 12, 0.00
1638675909, 104, 0, 1826, 1569, 810, 10.88%, 0, 6, 12, 0.00
1638675936, 105, 0, 1826, 1569, 810, 10.88%, 0, 6, 12, 0.00
1638675964, 106, 0, 1826, 1569, 810, 10.88%, 0, 6, 12, 0.00
1638675992, 107, 0, 1826, 1569, 810, 10.88%, 0, 6, 12, 0.00
1638676017, 108, 0, 1826, 1569, 810, 10.88%, 0, 6, 12, 0.00
1638676044, 109, 0, 1826, 1569, 810, 10.88%, 0, 6, 12, 0.00
1638676073, 110, 0, 1826, 1569, 810, 10.88%, 0, 6, 12, 0.00
1638676102, 111, 0, 1826, 1569, 810, 10.88%, 0, 6, 12, 0.00
1638676130, 112, 0, 1826, 1569, 810, 10.88%, 0, 6, 12, 0.00
1638676160, 113, 0, 1826, 1569, 810, 10.88%, 0, 6, 12, 0.00
1638676190, 114, 0, 1826, 1569, 810, 10.88%, 0, 6, 12, 0.00
1638676218, 115, 0, 1826, 1569, 810, 10.88%, 0, 6, 12, 0.00
1638676250, 116, 0, 1826, 1569, 810, 10.88%, 0, 6, 12, 0.00
1638676280, 117, 0, 1826, 1569, 810, 10.88%, 0, 6, 12, 0.00
1638676310, 118, 0, 1826, 1569, 810, 10.88%, 0, 6, 12, 0.00
1638676341, 119, 0, 1826, 1569, 810, 10.88%, 0, 6, 12, 0.00
1638676371, 120, 0, 1826, 1569, 810, 10.88%, 0, 6, 12, 0.00
1638676403, 121, 0, 1826, 1569, 810, 10.88%, 0, 6, 12, 0.00
1638676433, 122, 0, 1826, 1569, 810, 10.88%, 0, 6, 12, 0.00
1638676463, 123, 0, 1826, 1569, 810, 10.88%, 0, 6, 12, 0.00
1638676492, 124, 0, 1826, 1569, 810, 10.88%, 0, 6, 12, 0.00
1638676524, 125, 0, 1826, 1569, 810, 10.88%, 0, 6, 12, 0.00
1638676554, 126, 0, 1826, 1569, 810, 10.88%, 0, 6, 12, 0.00
1638676585, 127, 0, 1826, 1569, 810, 10.88%, 0, 6, 12, 0.00
1638676613, 128, 0, 1826, 1569, 810, 10.88%, 0, 6, 12, 0.00
1638676641, 129, 0, 1826, 1569, 810, 10.88%, 0, 6, 12, 0.00
1638676670, 130, 0, 1826, 1569, 810, 10.88%, 0, 6, 12, 0.00
1638676697, 131, 0, 1826, 1569, 810, 10.88%, 0, 6, 12, 0.00
1638676724, 132, 0, 1826, 1569, 810, 10.88%, 0, 6, 12, 0.00
1638676755, 133, 0, 1826, 1569, 810, 10.88%, 0, 6, 12, 0.00
1638676782, 134, 0, 1826, 1569, 810, 10.88%, 0, 6, 12, 0.00
1638676812, 135, 0, 1826, 1569, 810, 10.88%, 0, 6, 12, 0.00
1638676840, 136, 0, 1826, 1569, 810, 10.88%, 0, 6, 12, 0.00
1638676866, 137, 0, 1826, 1569, 810, 10.88%, 0, 6, 12, 0.00
1638676895, 138, 0, 1826, 1569, 810, 10.88%, 0, 6, 12, 0.00
1638676923, 139, 0, 1826, 1569, 810, 10.88%, 0, 6, 12, 0.00
1638676952, 140, 0, 1826, 1569, 810, 10.88%, 0, 6, 12, 0.00
1638676981, 141, 0, 1826, 1569, 810, 10.88%, 0, 6, 12, 0.00
1638677010, 142, 0, 1826, 1569, 810, 10.88%, 0, 6, 12, 0.00
1638677041, 143, 0, 1826, 1569, 810, 10.88%, 0, 6, 12, 0.00
1638677070, 144, 0, 1826, 1569, 810, 10.88%, 0, 6, 12, 0.00
1638677097, 145, 0, 1826, 1569, 810, 10.88%, 0, 6, 12, 0.00
1638677126, 146, 0, 1826, 1569, 810, 10.88%, 0, 6, 12, 0.00
1638677157, 147, 0, 1826, 1569, 810, 10.88%, 0, 6, 12, 0.00
1638677189, 148, 0, 1826, 1569, 810, 10.88%, 0, 6, 12, 0.00
1638677219, 149, 0, 1826, 1569, 810, 10.88%, 0, 6, 12, 0.00
1638677247, 150, 0, 1826, 1569, 810, 10.88%, 0, 6, 12, 0.00
1638677279, 151, 0, 1826, 1569, 810, 10.88%, 0, 6, 12, 0.00
1638677309, 152, 0, 1826, 1569, 810, 10.88%, 0, 6, 12, 0.00
1638677337, 153, 0, 1826, 1569, 810, 10.88%, 0, 6, 12, 0.00
1638677368, 154, 0, 1826, 1569, 810, 10.88%, 0, 6, 12, 0.00
1638677396, 155, 0, 1826, 1569, 810, 10.88%, 0, 6, 12, 0.00
1638677418, 156, 0, 1826, 1569, 810, 10.88%, 0, 6, 12, 0.00
1638677432, 157, 0, 1826, 1569, 810, 10.88%, 0, 6, 12, 0.00
1638677463, 158, 0, 1826, 1569, 810, 10.88%, 0, 6, 12, 0.00
1638677493, 159, 0, 1826, 1569, 810, 10.88%, 0, 6, 12, 0.00
1638677525, 160, 0, 1826, 1569, 810, 10.88%, 0, 6, 12, 0.00
1638677554, 161, 0, 1826, 1569, 810, 10.88%, 0, 6, 12, 0.00
1638677584, 162, 0, 1826, 1569, 810, 10.88%, 0, 6, 12, 0.00
1638677614, 163, 0, 1826, 1569, 810, 10.88%, 0, 6, 12, 0.00
1638677644, 164, 0, 1826, 1569, 810, 10.88%, 0, 6, 12, 0.00
1638677674, 165, 0, 1826, 1569, 810, 10.88%, 0, 6, 12, 0.00
1638677703, 166, 0, 1826, 1569, 810, 10.88%, 0, 6, 12, 0.00
1638677733, 167, 0, 1826, 1569, 810, 10.88%, 0, 6, 12, 0.00
1638677764, 168, 0, 1826, 1569, 810, 10.88%, 0, 6, 12, 0.00
1638677795, 169, 0, 1826, 1569, 810, 10.88%, 0, 6, 12, 0.00
1638677825, 170, 0, 1826, 1569, 810, 10.88%, 0, 6, 12, 0.00
1638677854, 171, 0, 1826, 1569, 810, 10.88%, 0, 6, 12, 0.00
1638677882, 172, 0, 1826, 1569, 810, 10.88%, 0, 6, 12, 0.00
1638677910, 173, 0, 1826, 1569, 810, 10.88%, 0, 6, 12, 0.00
1638677940, 174, 0, 1826, 1569, 810, 10.88%, 0, 6, 12, 0.00
1638677970, 175, 0, 1826, 1569, 810, 10.88%, 0, 6, 12, 0.00
1638678001, 176, 0, 1826, 1569, 810, 10.88%, 0, 6, 12, 0.00
1638678031, 177, 0, 1826, 1569, 810, 10.88%, 0, 6, 12, 0.00
1638678059, 178, 0, 1826, 1569, 810, 10.88%, 0, 6, 12, 0.00
1638678088, 179, 0, 1826, 1569, 810, 10.88%, 0, 6, 12, 0.00
1638678115, 180, 0, 1826, 1569, 810, 10.88%, 0, 6, 12, 0.00
1638678144, 181, 0, 1826, 1569, 810, 10.88%, 0, 6, 12, 0.00
1638678173, 182, 0, 1826, 1569, 810, 10.88%, 0, 6, 12, 0.00
1638678201, 183, 0, 1826, 1569, 810, 10.88%, 0, 6, 12, 0.00
1638678231, 184, 0, 1826, 1569, 810, 10.88%, 0, 6, 12, 0.00
1638678259, 185, 0, 1826, 1569, 810, 10.88%, 0, 6, 12, 0.00
1638678287, 186, 0, 1826, 1569, 810, 10.88%, 0, 6, 12, 0.00
1638678317, 187, 0, 1826, 1569, 810, 10.88%, 0, 6, 12, 0.00
1638678346, 188, 0, 1826, 1569, 810, 10.88%, 0, 6, 12, 0.00
1638678375, 189, 0, 1826, 1569, 810, 10.88%, 0, 6, 12, 0.00
1638678406, 190, 0, 1826, 1569, 810, 10.88%, 0, 6, 12, 0.00
1638678436, 191, 0, 1826, 1569, 810, 10.88%, 0, 6, 12, 0.00
1638678464, 192, 0, 1826, 1569, 810, 10.88%, 0, 6, 12, 0.00
1638678493, 193, 0, 1826, 1569, 810, 10.88%, 0, 6, 12, 0.00
1638678525, 194, 0, 1826, 1569, 810, 10.88%, 0, 6, 12, 0.00
1638678553, 195, 0, 1826, 1569, 810, 10.88%, 0, 6, 12, 0.00
1638678590, 196, 0, 1826, 1569, 810, 10.88%, 0, 6, 12, 0.00
1638678618, 197, 0, 1826, 1569, 810, 10.88%, 0, 6, 12, 0.00
1638678647, 198, 0, 1826, 1569, 810, 10.88%, 0, 6, 12, 0.00
1638678676, 199, 0, 1826, 1569, 810, 10.88%, 0, 6, 12, 0.00
1638678706, 200, 0, 1826, 1569, 810, 10.88%, 0, 6, 12, 0.00
1638678735, 201, 0, 1826, 1569, 810, 10.88%, 0, 6, 12, 0.00
1638678764, 202, 0, 1826, 1569, 810, 10.88%, 0, 6, 12, 0.00
1638678795, 203, 0, 1826, 1569, 810, 10.88%, 0, 6, 12, 0.00
1638678823, 204, 0, 1826, 1569, 810, 10.88%, 0, 6, 12, 0.00
1638678857, 205, 0, 1826, 1569, 810, 10.88%, 0, 6, 12, 0.00
1638678889, 206, 0, 1826, 1569, 810, 10.88%, 0, 6, 12, 0.00
1638678920, 207, 0, 1826, 1569, 810, 10.88%, 0, 6, 12, 0.00
1638678953, 208, 0, 1826, 1569, 810, 10.88%, 0, 6, 12, 0.00
1638678981, 209, 0, 1826, 1569, 810, 10.88%, 0, 6, 12, 0.00
1638679009, 210, 0, 1826, 1569, 810, 10.88%, 0, 6, 12, 0.00
1638679038, 211, 0, 1826, 1569, 810, 10.88%, 0, 6, 12, 0.00
1638679065, 212, 0, 1826, 1569, 810, 10.88%, 0, 6, 12, 0.00
1638679098, 213, 0, 1826, 1569, 810, 10.88%, 0, 6, 12, 0.00
1638679159, 214, 0, 1826, 1569, 810, 10.88%, 0, 6, 12, 0.00
1638679187, 215, 0, 1826, 1569, 810, 10.88%, 0, 6, 12, 0.00
1638679217, 216, 0, 1826, 1569, 810, 10.88%, 0, 6, 12, 0.00
1638679247, 217, 0, 1826, 1569, 810, 10.88%, 0, 6, 12, 0.00
1638679280, 218, 0, 1826, 1569, 810, 10.88%, 0, 6, 12, 0.00
1638679335, 219, 0, 1826, 1569, 810, 10.88%, 0, 6, 12, 0.00
1638679363, 220, 0, 1826, 1569, 810, 10.88%, 0, 6, 12, 0.00
1638679392, 221, 0, 1826, 1569, 810, 10.88%, 0, 6, 12, 0.00
1638679420, 222, 0, 1826, 1569, 810, 10.88%, 0, 6, 12, 0.00
1638679451, 223, 0, 1826, 1569, 810, 10.88%, 0, 6, 12, 0.00
1638679480, 224, 0, 1826, 1569, 810, 10.88%, 0, 6, 12, 0.00
1638679514, 225, 0, 1826, 1569, 810, 10.88%, 0, 6, 12, 0.00
1638679544, 226, 0, 1826, 1569, 810, 10.88%, 0, 6, 12, 0.00
1638679574, 227, 0, 1826, 1569, 810, 10.88%, 0, 6, 12, 0.00
1638679601, 228, 0, 1826, 1569, 810, 10.88%, 0, 6, 12, 0.00
1638679632, 229, 0, 1826, 1569, 810, 10.88%, 0, 6, 12, 0.00
1638679661, 230, 0, 1826, 1569, 810, 10.88%, 0, 6, 12, 0.00
1638679688, 231, 0, 1826, 1569, 810, 10.88%, 0, 6, 12, 0.00
1638679716, 232, 0, 1826, 1569, 810, 10.88%, 0, 6, 12, 0.00
1638679743, 233, 0, 1826, 1569, 810, 10.88%, 0, 6, 12, 0.00
1638679772, 234, 0, 1826, 1569, 810, 10.88%, 0, 6, 12, 0.00
1638679803, 235, 0, 1826, 1569, 810, 10.88%, 0, 6, 12, 0.00
1638679831, 236, 0, 1826, 1569, 810, 10.88%, 0, 6, 12, 0.00
1638679861, 237, 0, 1826, 1569, 810, 10.88%, 0, 6, 12, 0.00
1638679892, 238, 0, 1826, 1569, 810, 10.88%, 0, 6, 12, 0.00
1638679922, 239, 0, 1826, 1569, 810, 10.88%, 0, 6, 12, 0.00
1638679951, 240, 0, 1826, 1569, 810, 10.88%, 0, 6, 12, 0.00
1638679980, 241, 0, 1826, 1569, 810, 10.88%, 0, 6, 12, 0.00
1638680011, 242, 0, 1826, 1569, 810, 10.88%, 0, 6, 12, 0.00
1638680042, 243, 0, 1826, 1569, 810, 10.88%, 0, 6, 12, 0.00
1638680071, 244, 0, 1826, 1569, 810, 10.88%, 0, 6, 12, 0.00
1638680100, 245, 0, 1826, 1569, 810, 10.88%, 0, 6, 12, 0.00
1638680131, 246, 0, 1826, 1569, 810, 10.88%, 0, 6, 12, 0.00
1638680161, 247, 0, 1826, 1569, 810, 10.88%, 0, 6, 12, 0.00
1638680192, 248, 0, 1826, 1569, 810, 10.88%, 0, 6, 12, 0.00
1638680222, 249, 0, 1826, 1569, 810, 10.88%, 0, 6, 12, 0.00
1638680253, 250, 0, 1826, 1569, 810, 10.88%, 0, 6, 12, 0.00
1638680286, 251, 0, 1826, 1569, 810, 10.88%, 0, 6, 12, 0.00
1638680314, 252, 0, 1826, 1569, 810, 10.88%, 0, 6, 12, 0.00
1638680345, 253, 0, 1826, 1569, 810, 10.88%, 0, 6, 12, 0.00
1638680374, 254, 0, 1826, 1569, 810, 10.88%, 0, 6, 12, 0.00
1638680405, 255, 0, 1826, 1569, 810, 10.88%, 0, 6, 12, 0.00
1638680435, 256, 0, 1826, 1569, 810, 10.88%, 0, 6, 12, 0.00
1638680468, 257, 0, 1826, 1569, 810, 10.88%, 0, 6, 12, 0.00
1638680500, 258, 0, 1826, 1569, 810, 10.88%, 0, 6, 12, 0.00
1638680534, 259, 0, 1826, 1569, 810, 10.88%, 0, 6, 12, 0.00
1638680563, 260, 0, 1826, 1569, 810, 10.88%, 0, 6, 12, 0.00
1638680591, 261, 0, 1826, 1569, 810, 10.88%, 0, 6, 12, 0.00
1638680620, 262, 0, 1826, 1569, 810, 10.88%, 0, 6, 12, 0.00
1638680649, 263, 0, 1826, 1569, 810, 10.88%, 0, 6, 12, 0.00
1638680677, 264, 0, 1826, 1569, 810, 10.88%, 0, 6, 12, 0.00
1638680707, 265, 0, 1826, 1569, 810, 10.88%, 0, 6, 12, 0.00
1638680722, 266, 0, 1826, 1569, 810, 10.88%, 0, 6, 12, 0.00
1638680751, 267, 0, 1826, 1569, 810, 10.88%, 0, 6, 12, 0.00
1638680783, 268, 0, 1826, 1569, 810, 10.88%, 0, 6, 12, 0.00
1638680811, 269, 0, 1826, 1569, 810, 10.88%, 0, 6, 12, 0.00
1638680842, 270, 0, 1826, 1569, 810, 10.88%, 0, 6, 12, 0.00
1638680870, 271, 0, 1826, 1569, 810, 10.88%, 0, 6, 12, 0.00
1638680898, 272, 0, 1826, 1569, 810, 10.88%, 0, 6, 12, 0.00
1638680926, 273, 0, 1826, 1569, 810, 10.88%, 0, 6, 12, 0.00
1638680955, 274, 0, 1826, 1569, 810, 10.88%, 0, 6, 12, 0.00
1638680983, 275, 0, 1826, 1569, 810, 10.88%, 0, 6, 12, 0.00
1638681013, 276, 0, 1826, 1569, 810, 10.88%, 0, 6, 12, 0.00
1638681044, 277, 0, 1826, 1569, 810, 10.88%, 0, 6, 12, 0.00
1638681073, 278, 0, 1826, 1569, 810, 10.88%, 0, 6, 12, 0.00
1638681103, 279, 0, 1826, 1569, 810, 10.88%, 0, 6, 12, 0.00
1638681134, 280, 0, 1826, 1569, 810, 10.88%, 0, 6, 12, 0.00
1638681165, 281, 0, 1826, 1569, 810, 10.88%, 0, 6, 12, 0.00
1638681195, 282, 0, 1826, 1569, 810, 10.88%, 0, 6, 12, 0.00
1638681226, 283, 0, 1826, 1569, 810, 10.88%, 0, 6, 12, 0.00
1638681258, 284, 0, 1826, 1569, 810, 10.88%, 0, 6, 12, 0.00
1638681286, 285, 0, 1826, 1569, 810, 10.88%, 0, 6, 12, 0.00
1638681316, 286, 0, 1826, 1569, 810, 10.88%, 0, 6, 12, 0.00
1638681350, 287, 0, 1826, 1569, 810, 10.88%, 0, 6, 12, 0.00
1638681379, 288, 0, 1826, 1569, 810, 10.88%, 0, 6, 12, 0.00
1638681406, 289, 0, 1826, 1569, 810, 10.88%, 0, 6, 12, 0.00
1638681432, 290, 0, 1826, 1569, 810, 10.88%, 0, 6, 12, 0.00
1638681462, 291, 0, 1826, 1569, 810, 10.88%, 0, 6, 12, 0.00
1638681493, 292, 0, 1826, 1569, 810, 10.88%, 0, 6, 12, 0.00
1638681520, 293, 0, 1826, 1569, 810, 10.88%, 0, 6, 12, 0.00
1638681550, 294, 0, 1826, 1569, 810, 10.88%, 0, 6, 12, 0.00
1638681579, 295, 0, 1826, 1569, 810, 10.88%, 0, 6, 12, 0.00
1638681609, 296, 0, 1826, 1569, 810, 10.88%, 0, 6, 12, 0.00
1638681639, 297, 0, 1826, 1569, 810, 10.88%, 0, 6, 12, 0.00
1638681668, 298, 0, 1826, 1569, 810, 10.88%, 0, 6, 12, 0.00
1638681696, 299, 0, 1826, 1569, 810, 10.88%, 0, 6, 12, 0.00
1638681726, 300, 0, 1826, 1569, 810, 10.88%, 0, 6, 12, 0.00
1638681755, 301, 0, 1826, 1569, 810, 10.88%, 0, 6, 12, 0.00
1638681785, 302, 0, 1826, 1569, 810, 10.88%, 0, 6, 12, 0.00
1638681817, 303, 0, 1826, 1569, 810, 10.88%, 0, 6, 12, 0.00
1638681845, 304, 0, 1826, 1569, 810, 10.88%, 0, 6, 12, 0.00
1638681872, 305, 0, 1826, 1569, 810, 10.88%, 0, 6, 12, 0.00
1638681903, 306, 0, 1826, 1569, 810, 10.88%, 0, 6, 12, 0.00
1638681930, 307, 0, 1826, 1569, 810, 10.88%, 0, 6, 12, 0.00
1638681962, 308, 0, 1826, 1569, 810, 10.88%, 0, 6, 12, 0.00
1638681989, 309, 0, 1826, 1569, 810, 10.88%, 0, 6, 12, 0.00
1638682018, 310, 0, 1826, 1569, 810, 10.88%, 0, 6, 12, 0.00
1638682049, 311, 0, 1826, 1569, 810, 10.88%, 0, 6, 12, 0.00
1638682078, 312, 0, 1826, 1569, 810, 10.88%, 0, 6, 12, 0.00
1638682105, 313, 0, 1826, 1569, 810, 10.88%, 0, 6, 12, 0.00
1638682136, 314, 0, 1826, 1569, 810, 10.88%, 0, 6, 12, 0.00
1638682166, 315, 0, 1826, 1569, 810, 10.88%, 0, 6, 12, 0.00
1638682196, 316, 0, 1826, 1569, 810, 10.88%, 0, 6, 12, 0.00
1638682227, 317, 0, 1826, 1569, 810, 10.88%, 0, 6, 12, 0.00
1638682259, 318, 0, 1826, 1569, 810, 10.88%, 0, 6, 12, 0.00
1638682290, 319, 0, 1826, 1569, 810, 10.88%, 0, 6, 12, 0.00
1638682321, 320, 0, 1826, 1569, 810, 10.88%, 0, 6, 12, 0.00
1638682350, 321, 0, 1826, 1569, 810, 10.88%, 0, 6, 12, 0.00
1638682377, 322, 0, 1826, 1569, 810, 10.88%, 0, 6, 12, 0.00
1638682408, 323, 0, 1826, 1569, 810, 10.88%, 0, 6, 12, 0.00
1638682438, 324, 0, 1826, 1569, 810, 10.88%, 0, 6, 12, 0.00
1638682452, 324, 798, 1826, 1569, 810, 10.88%, 0, 6, 12, 0.00
